208 213
208 217
255 257
297 298
297 298
297 299
156 314
156 323
156 339
156 340
156 346
156 376
156 376
156 385
156 388
156 417
210 3
210 485
210 3
494 370
494 348
494 338
494 495
9 739
758 760
758 761
758 298
758 763
758 764
765 766
765 767
765 472
765 348
323 156
1088 1092
1116 569
1116 1128
157 1132
322 767
322 1161
322 944
322 944
1299 189
1299 189
6 474
1484 298
1484 1486
1484 212
1484 1489
1484 1092
1484 1092
1484 1492
1484 1493
1484 458
1484 458
1484 1493
1484 1495
1484 710
1484 314
1484 128
1509 1520
1541 706
1591 233
1591 1552
1591 1595
1591 1595
1130 1665
1437 761
1437 1686
1437 185
1823 1824
1823 723
1861 298
1861 1909
1972 1973
1972 1974
1972 1974
1972 1975
1546 1548
2044 430
2044 2046
2044 298
2044 251
519 1216
1033 2099
1033 2099
2232 3
639 1216
2423 1092
2425 2427
2425 306
2504 213
2504 213
2504 2506
1223 1824
1912 1092
1912 1593
1912 348
1912 78
1912 110
2628 492
2628 2629
518 1216
2703 2553
2703 2555
2703 2554
2703 2046
2703 2717
2703 2717
2703 1646
2703 1646
2752 495
2773 2825
1864 2846
1118 2677
1118 1515
960 1593
960 1339
960 298
960 298
2879 1515
1444 2213
1444 2909
2910 1665
2911 303
2911 303
2912 2917
2912 1665
2912 348
2912 346
2912 348
2912 348
2912 2763
2912 2919
2912 762
2912 215
2912 2761
2912 2921
2912 2922
2912 1640
2912 2923
2912 496
2912 2506
12 2930
12 1679
2931 3
2931 298
2706 649
2706 654
2706 183
2706 696
2706 719
2706 1325
2706 710
2706 713
2706 714
2706 723
2706 742
2940 215
2940 2942
2970 458
2970 2971
2970 298
2985 2987
2990 2963
1711 348
3035 183
3068 213
909 3088
3105 2171
3106 3
3106 3
3110 189
642 3112
642 3113
642 3113
642 1493
642 706
642 2630
642 2630
3174 1494
3174 1171
2754 2598
2754 3197
2754 1014
2048 2566
2048 539
2048 298
2048 566
2048 3206
2675 3251
2675 3252
212 1484
212 1867
212 484
212 1092
212 1092
212 3256
212 2632
212 2554
212 3261
212 541
212 1824
212 541
212 3264
212 3265
212 2635
212 376
212 3268
212 2634
212 2634
212 559
212 1485
212 3274
212 245
212 2633
212 3286
212 2629
212 1210
3315 3316
3320 2171
3321 185
2113 762
2848 1500
472 2582
472 3111
472 765
472 2677
472 761
472 1623
472 1623
472 768
472 2677
472 1665
472 346
472 2505
472 348
472 1276
472 2555
472 531
472 3166
472 3422
472 3
472 2622
472 3259
472 3424
472 1690
472 1690
472 376
472 376
472 771
472 769
472 3403
472 1688
472 3429
472 298
472 298
472 193
472 3403
472 1122
472 3431
472 564
472 3434
472 262
472 3437
472 3147
472 3253
472 3439
472 3440
472 314
472 3441
3442 737
3447 761
3447 2597
3447 737
3447 559
2708 220
1397 388
1397 388
3553 17
3553 3555
3553 1824
3553 2038
3553 417
3558 1629
3558 3559
3572 1436
1486 1484
1486 2677
1486 1493
1486 1688
1486 1495
1486 3274
1486 3582
1486 2040
1486 3583
1486 1967
1486 3584
1486 434
1486 2629
3586 3096
3586 185
3586 189
3586 3587
17 705
17 3553
17 2778
17 2755
17 2566
17 1665
17 1665
17 1092
17 1092
17 918
17 1686
17 485
17 3113
17 3
17 3622
17 1824
17 1826
17 1520
17 1
17 183
17 771
17 303
17 1371
17 2630
17 303
17 3288
3642 1511
2058 2373
3255 1494
3255 1154
3255 770
3255 2193
2778 1077
2778 3696
2778 1520
2778 376
2778 771
2778 78
2778 78
2778 771
2778 1027
2778 3629
2778 3698
2778 2579
2778 1967
2778 110
2778 1967
2778 110
2778 496
2778 3197
2778 3061
2778 2506
2778 1481
2778 2622
2778 3
2778 1511
2778 346
2778 3703
2778 17
2778 339
2778 849
2778 340
2778 340
2778 339
2778 2566
2778 1119
2778 3705
2778 3113
2778 914
2778 27
1598 298
3730 3
523 2554
2915 3761
2114 1186
522 1216
3819 1077
3758 2917
3758 348
3758 78
3758 2759
3758 2040
3758 1496
3758 110
3758 3830
3758 3761
3758 495
3862 1154
3862 3281
3867 262
2987 2985
3874 492
1015 1092
1214 340
1214 298
1214 298
1214 474
3611 245
3611 1491
3611 1154
3611 3
3611 3
3611 2630
3611 245
1619 1593
1619 1627
1619 303
1619 303
2116 2919
2116 1593
2116 761
2116 1824
2116 189
3912 78
3912 1470
3912 110
525 1395
525 542
525 3351
525 298
525 3632
525 2485
525 587
964 1689
964 1529
964 3433
22 1158
22 1193
3524 2046
3524 771
3524 2713
3524 3791
3913 3632
3913 3433
1712 298
1712 298
524 1216
520 1216
645 1216
230 3958
1867 212
1867 3967
1867 1466
3978 2429
3047 1975
330 1824
330 298
3991 3580
3992 3993
2119 298
4003 1369
4004 1493
4005 3
767 2213
767 765
767 322
767 340
767 1119
767 1092
767 348
767 1587
767 771
767 474
767 3249
767 303
767 1679
338 494
4027 348
761 1695
761 758
761 1437
761 2116
761 472
761 3447
761 3378
761 1593
761 346
761 2846
761 4031
761 3
761 1494
761 4032
761 1143
761 4032
761 4033
761 4034
761 3268
761 771
761 1497
761 1485
761 262
761 737
761 430
761 1500
4040 448
4040 4041
4042 1520
4042 1493
4042 495
4018 1493
4018 400
4048 769
20 1488
20 1092
20 1092
20 4052
20 766
20 73
20 73
20 489
20 298
3702 3629
2435 2630
1097 3355
341 78
341 3
341 3
341 110
526 1216
526 3197
647 3
647 1494
2364 1752
3981 4099
3362 189
3112 3
3112 642
3112 4103
527 1216
849 2778
849 3700
849 769
849 771
849 769
849 2582
849 3729
849 1967
849 3698
637 3418
637 1092
637 4108
637 4110
637 1909
4112 298
3804 1593
3804 771
3804 298
4114 1824
2191 2154
2249 3805
1443 2634
1443 1884
1623 472
1623 472
1623 1593
1623 4121
1623 3878
1623 2723
1623 209
1623 395
3175 1490
3175 1884
3175 213
3175 2629
768 2677
768 472
768 3
768 3
768 4006
768 580
768 2582
768 430
768 262
768 2629
2397 1481
3555 430
3555 1548
3555 3114
3555 692
3555 3553
3555 692
3555 2554
3555 3
3555 762
3555 4135
3555 2963
340 478
340 478
340 156
340 767
340 1214
340 2778
340 2778
340 1119
340 2677
340 4135
340 1665
340 1593
340 1628
340 1092
340 4136
340 458
340 3651
340 1689
340 1439
340 4135
340 1826
340 1493
340 1493
340 2038
340 3268
340 1587
340 4139
340 769
340 1436
340 936
340 298
340 85
340 1548
340 3431
340 2762
340 4142
340 3961
340 3178
340 4143
340 4145
340 1967
340 4147
340 2718
340 3346
340 3140
340 3346
340 3437
340 492
340 4148
340 4149
340 4150
340 2629
340 2696
340 2428
340 314
4152 346
4152 2171
4152 306
3069 213
3069 213
3069 2506
4154 4155
3982 2360
3244 348
3183 2622
3183 2622
2100 3
2100 4159
2100 4160
2100 4161
2100 4162
2100 221
482 483
482 483
482 486
482 486
482 484
482 484
482 477
482 477
482 489
482 489
482 245
482 245
482 493
482 493
2851 298
2120 4167
3580 1119
3580 3991
3580 2630
3580 2622
3580 4169
3580 4169
3580 2622
3580 4170
3580 2213
3580 1691
3580 1824
3580 1824
3580 4171
3580 1071
3580 2867
3580 4168
3580 4168
3580 1520
3580 1764
3580 771
3580 3178
3580 2629
339 2778
339 2778
339 156
339 3274
339 2677
339 4172
339 1358
2550 211
2550 211
2550 4138
2550 3587
480 1216
480 2572
480 471
480 1485
480 570
480 588
1119 924
1119 767
1119 2778
1119 340
1119 3580
1119 924
1119 348
1119 504
1119 1824
1119 1493
1119 771
1119 2715
1119 463
1119 417
1119 1967
1119 938
1119 2587
1119 2698
1119 590
1119 590
649 2706
649 688
649 1497
649 739
3418 4180
3418 637
3418 710
3418 1824
3418 1824
3418 303
4181 2054
907 3080
2562 4184
2562 4186
2562 1494
2562 3
2562 3206
3848 3166
3848 4187
3848 2127
3848 4187
4188 4189
4190 298
4190 298
4190 1263
4190 762
760 3337
760 758
760 4191
760 183
760 298
335 303
3581 495
4194 3284
4169 3580
4169 3580
2677 1118
2677 472
2677 1486
2677 472
2677 768
2677 340
2677 339
2677 1685
2677 3113
2677 458
2677 3
2677 2213
2677 2102
2677 1826
2677 1493
2677 1695
2677 78
2677 2971
2677 1340
2677 185
2677 245
2677 298
2677 2849
2677 189
2677 2849
2677 100
2677 110
2677 1592
2677 2126
2677 4203
2677 1243
2677 1243
2677 306
2677 306
2677 2587
2677 1014
2677 2629
2677 3119
4206 425
214 2373
214 2373
1395 525
1395 3285
1395 1965
1488 1470
1488 189
1488 1748
1488 245
1488 4221
1488 4222
1488 2763
1488 2913
1488 20
260 3262
260 2762
3095 4228
3095 2758
460 1593
460 1593
460 2171
460 2630
460 2630
460 496
3705 2778
3705 580
2755 568
2755 2566
2755 17
2755 3412
2755 1587
2755 376
654 4240
654 739
654 739
654 2360
654 2706
654 688
654 1497
483 482
483 482
483 67
483 67
483 1493
483 73
483 478
483 478
483 76
483 78
483 78
483 86
483 86
483 87
483 87
483 488
483 488
483 4240
483 110
483 110
483 2767
483 2767
483 117
483 117
3378 761
3955 303
4247 152
4247 510
2566 1511
2566 2778
2566 2048
2566 17
2566 3250
2566 2755
2566 348
2566 348
2566 501
2566 501
2566 2102
2566 4248
2566 376
2566 1695
2566 3339
2566 215
2566 78
2566 2582
2566 1528
2566 298
2566 3433
2566 110
2566 871
2566 465
2566 2573
2566 2383
2566 2427
2566 2857
2566 422
2566 3214
4250 3828
4250 2040
4252 213
4252 3166
4252 3712
4252 3608
4252 3288
4252 4254
4252 4254
4252 3288
915 1143
915 1824
915 762
915 3427
529 2554
530 2554
3141 4184
3141 710
3141 2028
3141 1349
4157 3264
4157 348
4157 464
916 4184
916 3399
916 1436
916 2485
1311 2963
4228 4262
4228 4263
4228 4263
4228 1132
4228 3429
4228 3095
1868 2632
1868 1494
1868 4135
1868 2634
1868 1884
1868 2633
1868 2635
1868 128
4265 1022
3250 2566
1593 1912
1593 960
1593 914
1593 1619
1593 2116
1593 761
1593 3804
1593 1623
1593 914
1593 460
1593 340
1593 460
1593 1665
1593 4266
1593 1092
1593 914
1593 4267
1593 4267
1593 3
1593 1824
1593 1824
1593 1824
1593 1691
1593 3652
1593 3433
1593 1493
1593 3573
1593 769
1593 376
1593 376
1593 376
1593 4268
1593 1642
1593 2605
1593 1497
1593 189
1593 1955
1593 1967
1593 417
1593 417
1593 262
1593 3197
1593 2769
1593 2769
1593 303
1593 303
1593 303
1593 303
1593 2401
1593 1211
1665 472
1665 2912
1665 2910
1665 1130
1665 17
1665 17
1665 1628
1665 340
1665 4121
1665 1593
1665 348
1665 348
1665 2756
1665 2917
1665 47
1665 1154
1665 4274
1665 3113
1665 3620
1665 1824
1665 4151
1665 4276
1665 3169
1665 3399
1665 923
1665 78
1665 2687
1665 298
1665 2922
1665 2922
1665 4279
1665 1466
1665 2625
1665 2582
1665 2157
1665 110
1665 463
1665 465
1665 1025
1665 1371
1665 122
1665 581
1665 2617
1665 4284
1665 2923
1665 2630
1665 2401
1665 587
1665 2401
1665 3762
1140 174
1140 1764
1140 298
1140 465
2846 3921
2846 1864
2846 761
2846 348
2846 376
2846 531
2846 4288
2846 3745
2846 376
2846 1824
2846 4289
2846 1667
2846 4140
2846 771
2846 1527
2846 4290
2846 2579
2846 2923
2846 2427
2846 2040
2846 568
2846 4292
2846 2421
2846 4293
2846 2171
2846 4294
2846 2171
2846 2171
2846 4295
2846 4296
2846 3427
4297 242
4297 242
4298 4299
4298 4300
656 1494
152 4247
152 4301
152 242
152 78
152 110
152 995
1092 20
1092 1088
1092 1484
1092 1484
1092 2423
1092 1912
1092 212
1092 212
1092 1015
1092 17
1092 17
1092 767
1092 1593
1092 20
1092 637
1092 340
1092 1628
1092 528
1092 1511
1092 27
1092 27
1092 348
1092 299
1092 485
1092 2046
1092 1494
1092 4302
1092 3111
1092 3619
1092 4303
1092 3067
1092 4304
1092 3651
1092 2255
1092 542
1092 296
1092 675
1092 4305
1092 1876
1092 1824
1092 211
1092 770
1092 2565
1092 4307
1092 762
1092 110
1092 78
1092 477
1092 693
1092 1525
1092 2759
1092 4268
1092 183
1092 183
1092 4308
1092 771
1092 771
1092 771
1092 1343
1092 1497
1092 1497
1092 185
1092 2578
1092 2578
1092 1529
1092 1495
1092 3599
1092 4309
1092 245
1092 298
1092 4310
1092 3735
1092 451
1092 189
1092 100
1092 710
1092 4240
1092 4240
1092 1470
1092 470
1092 2155
1092 2155
1092 4312
1092 4313
1092 4312
1092 3829
1092 4314
1092 2040
1092 2909
1092 1647
1092 4316
1092 3091
1092 4317
1092 1646
1092 2383
1092 492
1092 2485
1092 4318
1092 492
1092 122
1092 4320
1092 430
1092 587
1092 2630
1092 4321
1092 2630
1092 2630
1092 2630
1092 303
1092 4323
1092 2587
1092 749
1092 1679
1092 4325
1092 4324
1092 2629
1092 3288
1092 3637
1092 3587
2099 1033
2099 1033
2099 3
2099 215
2099 2143
4266 1593
4266 3
4266 3
4266 4248
4266 215
4266 1973
4266 3346
1627 1619
1627 2759
4328 2629
528 1092
528 181
1490 4229
1490 3175
1490 4329
1490 474
1490 4233
1490 4233
1490 430
4332 3022
28 496
781 3673
4121 3606
4121 1665
4121 1623
4121 1154
4121 1370
3704 2427
4334 1472
918 17
918 346
918 2617
918 376
918 3620
918 1349
918 1640
918 303
4337 2710
4337 2710
4337 1824
2552 2553
2552 4209
2553 2552
2553 1646
2553 2703
2553 2554
2553 727
2553 4338
1625 1111
1625 189
1625 710
1625 225
1625 1646
1625 2711
1625 3293
1625 458
1625 662
1625 662
1625 1493
1625 1493
4347 4348
2551 211
2551 211
1628 1665
1628 340
1628 1092
1628 348
1628 3619
1628 3615
1628 2759
1628 78
1628 78
1628 1516
1628 110
1628 298
1628 245
1628 110
1628 189
1628 1348
1628 3433
1628 3433
1628 2766
1628 4263
1628 2630
1629 3558
4350 1470
31 251
652 1646
346 156
346 761
346 2912
346 472
346 2778
346 4152
346 918
346 1016
346 348
346 2919
346 473
346 2554
346 1824
346 1824
346 1072
346 1691
346 3573
346 3532
346 1111
346 3191
346 179
346 4354
346 2625
346 3178
346 1351
346 476
346 467
346 1084
346 2401
346 3038
346 3427
2597 3447
2597 3
2597 298
2597 2971
2505 472
2505 4361
2505 2560
2505 2301
2505 298
2505 2046
2505 2131
2505 2046
2505 2046
2505 2127
2505 298
2505 1436
2505 769
2505 771
2505 3761
2505 3249
2505 4321
4052 20
345 298
345 580
4370 4302
4361 2505
4361 4353
1974 1972
1974 1972
1974 588
1974 1909
27 1824
27 1826
27 769
27 189
27 1186
27 303
27 303
27 2778
27 1092
27 1092
27 1686
27 3113
27 2902
4376 3
1632 1494
1270 298
657 1216
4380 2629
4380 4108
4380 2713
4380 1646
4380 1646
3182 3
3182 3
4193 298
1070 1689
1980 1436
1980 1436
1980 2718
4383 2772
914 2778
914 1593
914 1593
914 1593
914 348
914 4302
914 1824
914 4353
914 1640
914 2630
914 2630
4384 2318
4384 2318
4385 3
4386 3288
348 3828
348 1711
348 1912
348 494
348 765
348 2912
348 2912
348 2912
348 1119
348 472
348 767
348 3758
348 4027
348 3244
348 4157
348 2566
348 2566
348 1665
348 1092
348 1665
348 2846
348 914
348 1628
348 346
348 2756
348 1017
348 3828
348 1824
348 4329
348 485
348 4302
348 3618
348 4137
348 3111
348 2129
348 2003
348 1824
348 1824
348 1691
348 1493
348 471
348 376
348 2918
348 1077
348 376
348 769
348 2605
348 2605
348 769
348 769
348 1497
348 2399
348 2073
348 3602
348 569
348 569
348 464
348 463
348 465
348 417
348 4036
348 2427
348 1967
348 1967
348 1893
348 2427
348 4399
348 495
348 495
348 434
348 122
348 3197
348 496
348 496
348 1370
348 1371
348 2630
348 2923
348 4400
348 303
348 1948
348 2401
348 4333
348 4333
348 2428
348 3427
2756 1665
2756 348
2756 2917
2756 3651
2756 1481
2756 1497
2756 2762
2756 2427
1017 348
1017 3412
1017 4155
1017 1824
1017 1466
1017 1466
257 255
257 4371
257 3107
257 2129
257 4406
1631 2155
4409 3532
1263 4190
2917 3758
2917 2912
2917 1665
2917 2756
2917 1515
2917 1824
2917 1515
2917 1824
2917 1824
2917 4325
2917 2759
2917 771
2917 2605
2917 298
2917 2040
2917 2927
2917 2927
2917 2215
2917 492
2917 3197
4371 257
4255 3429
4255 1543
4041 4040
4041 448
4041 448
4041 4413
4041 4414
4041 4415
1016 346
1016 972
1261 1695
1261 298
459 376
459 457
459 940
166 3532
4031 761
3498 4419
3498 1511
4420 1526
920 1436
920 1824
920 3
920 3
920 245
920 1909
920 430
2569 430
2569 2758
2569 1470
2569 430
2569 492
3744 4375
3744 4424
3744 82
3744 4425
3744 4426
3744 4427
3744 4428
2568 1511
2568 1587
2568 376
2568 2923
2568 2630
3554 495
658 1216
299 1494
299 1092
299 297
299 1511
299 1143
299 1493
299 467
299 2360
299 559
299 298
299 2147
299 464
1634 1341
1634 2630
1149 3399
1149 3582
3921 2846
3921 303
4440 2429
4443 4444
1492 1484
3245 1824
3245 3239
3256 430
3256 762
3256 212
659 76
659 193
4274 1665
3412 4447
3412 2755
3412 1017
3412 1077
3412 1334
3412 3618
3412 2102
3412 1334
3412 303
3412 2687
3412 2549
3412 2763
1093 4448
1093 3433
3107 257
3107 2213
3107 1072
3107 1967
3107 4161
3107 4161
1154 4159
1154 3862
1154 3255
1154 3611
1154 4451
1154 1665
1154 4121
1154 1824
1154 298
1154 1975
1154 189
1154 3434
1154 2763
1154 248
1154 3439
4122 4453
4122 4391
1447 1319
1447 1869
1447 1348
1447 4455
1447 2629
4456 4457
4456 739
1384 1491
1384 245
1384 492
2710 4337
2710 4337
2710 3700
2710 1470
2710 1470
3048 1824
3048 1824
3293 1625
4185 2717
4185 2717
4185 4460
1685 2677
1685 3166
1685 1826
1685 1493
4462 189
3897 213
1686 3
1686 1437
1686 17
1686 3620
1686 27
1686 3113
1686 47
1686 3
1686 1436
1686 78
1686 1341
1686 3600
1686 110
1686 1967
1686 2427
1686 2587
1686 2630
1686 2630
1686 3427
4465 2582
4184 3141
4184 2562
4184 2919
4184 916
4184 2570
4184 1494
4184 1494
4184 1494
4184 3097
4184 1526
4184 1436
4184 710
4184 1647
4184 430
485 210
485 17
485 1092
485 348
485 771
485 376
485 1826
485 1436
485 771
485 4470
485 1884
485 4471
485 2921
485 2549
485 3437
485 4472
485 303
485 2630
485 2629
4473 211
4473 211
4473 2171
4473 2171
3113 4293
3113 642
3113 642
3113 2778
3113 17
3113 1665
3113 2677
3113 1686
3113 27
3113 1511
3113 4170
3113 3
3113 3
3113 4170
3113 2213
3113 1520
3113 1528
3113 1436
3113 769
3113 771
3113 771
3113 559
3113 185
3113 2054
3113 1884
3113 298
3113 298
3113 189
3113 189
3113 189
3113 189
3113 463
3113 4475
3113 465
3113 2582
3113 233
3113 109
3113 4282
3113 495
3113 2485
3113 2485
3113 4224
3113 303
3113 2630
3113 1500
3113 1655
3113 1679
3113 587
3113 2417
4201 376
2902 27
2902 2630
2902 2630
3703 2778
3703 4648
3703 1527
3703 1527
3393 1511
3393 1494
3393 3278
3393 1548
3393 2718
3392 1494
4651 2555
4651 2555
1446 1019
3878 1623
4655 298
4656 2687
1869 1319
1869 1447
1869 769
1869 2948
1869 430
1869 430
1869 2629
1869 2629
3096 2102
3096 3
3096 4658
3096 3586
3096 1518
3096 245
3096 559
3096 298
4660 1967
3443 2634
531 472
531 2846
531 1216
531 218
531 574
531 1202
2555 4305
2555 2703
2555 472
2555 4651
2555 4651
2555 4661
2555 2554
2555 1682
2555 1025
2555 2765
2555 4354
2555 1436
2555 4662
2555 619
2555 713
2555 430
2555 430
2555 4326
1491 3611
1491 1824
1491 1384
1491 4033
1491 924
1491 3433
1491 303
1491 569
1491 1189
1491 2582
1319 3
1319 3
1319 763
1319 1897
1319 2630
1319 2630
1319 2629
1319 2629
1319 4262
1319 1447
1319 1139
1319 1869
1319 4006
1319 376
1319 1341
1319 4670
1319 1884
1319 1466
1319 1466
4419 3498
4419 189
2632 212
2632 1868
2632 3
2632 492
1445 1470
2919 2912
2919 458
2919 346
2919 2116
2919 458
2919 458
2919 4184
2919 1489
2919 3144
2919 3144
2919 1493
2919 1495
2919 763
4675 4659
4176 710
4176 3429
4176 213
4176 771
4176 4299
4176 4254
3166 1685
3166 472
3166 4252
3166 3848
3166 4282
3166 3092
785 4576
1489 2919
1489 1484
4680 3140
4200 924
4200 539
4200 376
4200 4681
2658 213
4683 1436
4683 376
3251 2675
972 2925
972 233
972 303
972 1016
2942 2940
1129 4687
1129 2936
1129 2936
1129 1485
1129 1485
1129 189
1129 189
1129 763
458 737
458 1484
458 1484
458 2970
458 340
458 2677
458 2383
458 2919
458 1625
458 2919
458 1748
458 3
458 2919
458 1748
458 2046
458 1493
458 1493
458 1493
458 245
458 771
458 83
458 298
458 1233
458 710
458 710
458 3898
458 511
458 1081
458 303
4694 1894
1511 4346
1511 2778
1511 3642
1511 2566
1511 1092
1511 2568
1511 3498
1511 3113
1511 299
1511 3393
1511 3651
1511 213
1511 4697
1511 1824
1511 539
1511 373
1511 1520
1511 771
1511 298
1511 245
1511 566
1511 710
1511 1499
1511 3140
1511 4614
1511 4614
1511 3080
1511 636
1511 2402
1511 117
4288 2846
4288 771
766 765
766 20
4699 2688
4700 3288
3615 1628
666 1824
666 376
666 710
4302 376
4302 376
4302 1092
4302 348
4302 4370
4302 914
4302 298
4302 1516
4302 1516
4302 417
4302 245
4302 2579
4302 2579
4302 2040
4302 2763
4302 495
4302 430
4302 492
4302 2769
4302 3635
1494 3174
1494 3145
1494 647
1494 3255
1494 761
1494 2562
1494 299
1494 1092
1494 656
1494 1868
1494 1632
1494 4184
1494 4184
1494 4184
1494 3392
1494 3393
1494 3145
1494 3396
1494 3337
1494 4186
1494 2554
1494 1481
1494 1481
1494 4135
1494 542
1494 542
1494 3144
1494 3396
1494 3144
1494 1824
1494 1695
1494 2046
1494 1493
1494 1
1494 471
1494 183
1494 2713
1494 1341
1494 3925
1494 1641
1494 189
1494 4338
1494 4338
1494 4286
1494 569
1494 3646
1494 3648
1494 1647
1494 1646
1494 763
1494 1646
1494 1646
1494 587
1494 587
1494 4415
1494 4415
213 1493
213 1493
213 4252
213 208
213 3068
213 2504
213 2504
213 3069
213 3069
213 3175
213 3897
213 2658
213 4176
213 2554
213 1511
213 3
213 183
213 376
213 4709
213 4710
213 2936
213 771
213 4710
213 3606
213 710
213 4711
213 1646
532 2554
2882 1120
4712 1495
40 3
3745 2846
3745 2962
3745 2962
3745 2962
4137 348
1161 322
1872 185
1872 2630
4375 3744
4715 2171
457 459
457 4170
457 1824
457 1824
457 1695
457 710
457 495
457 3091
4451 1154
163 1019
4726 4727
2556 211
2556 211
2556 939
4186 2554
4186 2562
4186 1494
4186 1162
4186 1493
4186 2718
4186 4321
352 504
352 504
352 242
352 995
344 1975
3156 1828
3559 3558
1068 185
3619 1628
3619 1092
3618 262
3618 3412
3618 348
3618 4730
3618 2763
3618 3433
3618 471
3618 1461
3618 1967
3618 2955
3618 2582
3618 2955
3618 464
3618 1370
3618 3038
3618 128
473 346
473 4839
473 1436
473 388
473 3276
3620 918
3620 1665
3620 1824
3620 1686
3620 185
1323 2629
4155 1017
4155 4154
4155 1341
4847 2629
2193 3255
662 1625
662 1625
2110 1695
3896 1493
4850 1500
4850 1500
4191 1646
4191 760
4158 4851
4158 1369
4158 4852
4158 471
4158 189
4158 1485
501 2566
501 2566
501 471
3337 760
3337 1494
3337 263
4854 739
2554 550
2554 2453
2554 346
2554 212
2554 2703
2554 2553
2554 523
2554 3555
2554 529
2554 530
2554 2555
2554 532
2554 213
2554 1494
2554 4186
2554 543
2554 1694
2554 1520
2554 2452
2554 4857
2554 294
2554 220
2554 4354
2554 560
2554 570
2554 710
2554 710
2554 407
2554 4858
2554 1646
2554 3206
2554 430
2554 430
2554 4859
4468 724
4861 1077
4267 110
4267 762
4267 1593
4267 1593
4267 78
4267 2630
4267 2630
1682 2555
1682 3
1682 1493
4329 348
4329 1490
2518 245
2518 128
1276 472
3111 472
3111 1092
3111 348
3111 3
3111 4863
3111 2582
4661 2555
4444 4443
2301 2505
2301 4225
4839 473
4839 476
3 210
3 210
3 647
3 17
3 2931
3 2232
3 472
3 3106
3 3106
3 341
3 3730
3 2778
3 341
3 4005
3 3611
3 3611
3 761
3 2100
3 3112
3 768
3 768
3 3555
3 2562
3 4266
3 2677
3 2099
3 1593
3 4376
3 4266
3 2597
3 3182
3 4385
3 3182
3 1686
3 920
3 920
3 1686
3 3096
3 3113
3 3113
3 40
3 1319
3 1319
3 2632
3 213
3 458
3 1682
3 3111
3 4159
3 1481
3 2996
3 4303
3 3696
3 3422
3 2213
3 4159
3 1409
3 4248
3 1824
3 4307
3 2997
3 4006
3 2142
3 771
3 1051
3 193
3 1343
3 1341
3 769
3 217
3 4417
3 193
3 1507
3 2936
3 2936
3 243
3 2152
3 4474
3 2412
3 2412
3 3431
3 3431
3 4871
3 1884
3 1498
3 1461
3 2582
3 4232
3 4311
3 1425
3 226
3 3993
3 3285
3 2909
3 2767
3 3993
3 2630
3 4054
3 3279
3 1500
3 221
3 4374
3 221
3 2629
3 4324
3 2629
3 4056
3 2588
3 580
3 4572
3 773
3 262
3 428
3 3036
3 428
3 4204
3 3953
3 492
3 2485
3 3989
3 3197
3 430
3 430
2560 2505
4887 1646
3261 212
3261 417
535 1216
2751 2240
2751 2240
2751 3635
4893 4894
3051 298
47 262
47 1686
47 1665
3622 17
1689 1691
1689 1070
1689 340
1689 964
1689 430
1689 376
1689 1436
1689 376
1689 185
4301 152
4301 1897
3941 2046
4903 2766
3958 230
3958 1341
3958 4904
3958 1824
3958 376
3958 2582
4904 3958
3700 193
3700 193
3700 849
3700 2710
3700 2767
3700 2715
3700 3457
2996 3
4229 1490
4229 671
4229 4872
4229 4460
2622 1764
2622 262
2622 474
2622 3197
2622 3197
2622 569
2622 3178
2622 472
2622 2778
2622 3183
2622 3183
2622 3580
2622 3580
2622 1341
2622 376
2622 3429
4170 3113
4170 3113
4170 4305
4170 457
4170 298
4170 78
4170 3925
4170 110
4170 189
4170 4907
4170 2630
4170 2629
4170 3580
1481 2778
1481 2397
1481 2756
1481 1494
1481 1494
1481 3
1481 1518
1481 1690
1481 1175
1481 3401
1481 4269
1481 303
3696 3
3696 2778
3696 2629
3067 1092
1279 3288
2361 381
4911 771
4911 771
2999 771
537 1216
4366 539
4366 539
4366 298
4366 4006
4433 4159
3422 472
3422 3
4304 1092
4303 1092
4303 2719
4303 4914
4303 3
4303 771
4303 1824
4303 1436
4303 771
4303 3699
4276 1665
4032 761
4032 761
3259 4916
3259 472
3259 2582
3259 398
3259 3989
3259 4916
4202 542
4202 587
1216 518
1216 639
1216 519
1216 537
1216 520
1216 524
1216 522
1216 645
1216 527
1216 526
1216 480
1216 535
1216 531
1216 657
1216 658
1216 540
1216 544
1216 674
1216 677
1216 539
1216 546
1216 683
1216 547
1216 702
1216 551
1216 691
1216 471
1216 559
1216 517
1216 555
1216 554
1216 566
1216 562
1216 565
1216 564
1216 568
1216 718
1216 569
1216 570
1216 726
1216 732
1216 580
1216 574
1216 737
1216 590
1216 585
1216 586
1216 583
1216 748
1216 589
1216 588
1216 747
4159 4254
4159 1154
4159 2100
4159 3
4159 2213
4159 3
4159 4433
4159 2629
4159 3288
4704 4136
4919 542
4919 771
4919 587
3262 260
3262 189
3262 464
3959 2865
2255 1092
1451 4135
1451 1884
2213 298
2213 298
2213 298
2213 3113
2213 1444
2213 767
2213 3580
2213 3107
2213 2677
2213 3
2213 4159
2213 762
2213 217
2213 3989
4362 1516
4362 4460
3651 340
3651 298
3651 4922
3651 1092
3651 2756
3651 1511
3651 1691
3651 1826
3651 2867
3651 1826
3651 3433
1143 915
1143 761
1143 299
1143 4924
1143 938
296 710
296 1092
296 1824
296 189
296 1493
296 1436
296 430
296 292
296 4224
4108 695
4108 637
4108 4380
2446 2463
2446 710
1020 1341
1275 262
3997 769
4925 799
4151 1665
2129 257
2129 348
2129 298
2129 262
2129 495
3970 4307
504 298
504 1119
504 352
504 352
504 1824
504 692
504 240
504 710
504 710
504 1646
504 2629
1837 1884
1837 1884
1837 3276
2102 2677
2102 2566
2102 3096
2102 3412
2102 1019
2102 1824
2102 1824
2102 771
2102 1495
2102 262
2102 1967
2102 262
2102 1640
2102 2485
2102 2485
543 2554
3424 472
3424 771
1162 4186
1162 4339
3169 1665
3263 1493
4934 495
1874 2630
542 525
542 1092
542 1494
542 1494
542 4919
542 4202
542 1695
542 2630
542 2630
542 303
542 4937
542 2041
4246 710
4246 245
4246 262
4851 4158
541 212
541 212
2903 189
1158 22
1158 1493
1158 245
1158 298
1158 298
1158 106
1158 454
1158 135
3185 2427
674 1216
675 1092
675 559
675 298
675 2696
4305 4170
4305 2555
4305 1092
4305 474
4136 4704
4136 340
4136 3433
4136 4952
4346 1511
1450 1897
4954 762
1517 303
671 4229
671 713
671 723
671 292
671 4956
4957 3993
4248 2566
4248 4266
4248 3
4248 4958
4248 376
4135 340
4135 3555
4135 340
4135 1868
4135 1451
4135 1494
4135 1884
4135 1348
4135 117
677 1216
677 4417
1876 1092
1876 1877
4960 1369
1283 298
2003 1493
2003 348
544 1216
544 1436
544 2936
544 1495
544 430
544 2172
2707 376
678 2485
1334 3412
1334 3412
1334 1824
1334 1824
1334 3287
1334 4287
2743 710
1019 4963
1019 4964
1019 1446
1019 163
1019 2102
1019 769
1019 3288
1019 430
1019 3288
3396 1494
3396 1494
3396 1493
3396 4965
2128 4968
2128 3606
4241 1640
3264 212
3264 4157
3264 3127
3264 189
4705 2865
1139 1319
4687 1129
4231 1515
4231 719
1518 3096
1518 1481
1518 860
4697 1511
1877 1876
2570 4184
2369 771
4424 3744
4974 1646
4406 257
4976 2617
1878 1485
679 4920
4727 4726
4978 734
1824 3431
1824 2116
1824 1823
1824 3553
1824 1223
1824 212
1824 17
1824 3418
1824 346
1824 330
1824 4114
1824 3580
1824 3580
1824 1119
1824 1593
1824 3418
1824 1593
1824 915
1824 1593
1824 2846
1824 1665
1824 1092
1824 4337
1824 1491
1824 348
1824 346
1824 27
1824 914
1824 2917
1824 1017
1824 348
1824 348
1824 2917
1824 2917
1824 920
1824 3245
1824 3048
1824 1154
1824 3048
1824 504
1824 1511
1824 1494
1824 666
1824 3620
1824 457
1824 457
1824 3958
1824 3
1824 296
1824 4303
1824 2673
1824 2102
1824 2102
1824 1691
1824 1334
1824 1334
1824 1493
1824 1826
1824 4981
1824 4352
1824 1695
1824 2572
1824 1695
1824 4140
1824 376
1824 1587
1824 376
1824 183
1824 78
1824 771
1824 771
1824 217
1824 769
1824 1343
1824 298
1824 298
1824 298
1824 2147
1824 2147
1824 245
1824 2762
1824 1466
1824 4314
1824 4240
1824 710
1824 4983
1824 4022
1824 1470
1824 4240
1824 4240
1824 2688
1824 233
1824 110
1824 111
1824 262
1824 3761
1824 417
1824 474
1824 3632
1824 262
1824 1359
1824 1359
1824 587
1824 201
1824 2986
1824 2383
1824 1897
1824 430
1824 122
1824 433
1824 3197
1824 587
1824 2767
1824 3287
1824 2630
1824 2630
1824 2630
1824 292
1824 303
1824 3099
1824 306
1824 1820
1824 1905
1824 1660
1824 2401
1824 1660
1824 4991
1824 254
1824 3440
4992 248
4992 248
3780 1764
3780 2040
1409 3
2131 298
2131 2505
540 1216
4177 1520
4177 2038
4391 303
4391 4122
4391 1826
4391 376
4996 2582
3974 376
3974 1640
3974 4309
4717 2696
670 1493
4922 3651
4922 771
4922 2688
4706 298
4706 1548
792 121
3127 3264
1021 617
1073 2391
3144 2919
3144 2919
3144 1494
3144 1494
546 1216
2598 2754
2598 2171
2046 3941
2046 298
2046 83
2046 2485
2046 636
2046 1494
2046 458
2046 2505
2046 2505
2046 2505
2046 2044
2046 2703
2046 1092
2046 3524
1691 4872
1691 1498
1691 303
1691 3580
1691 1593
1691 348
1691 346
1691 185
1691 1689
1691 3651
1691 1824
1691 4999
1691 5000
1691 3427
4351 4353
4351 1967
3712 4252
2565 1092
1690 472
1690 472
1690 1481
1690 1493
1690 771
1690 710
1690 189
1690 1479
1690 938
1690 292
261 1341
1826 17
1826 485
1826 340
1826 2677
1826 1685
1826 27
1826 3651
1826 3651
1826 1824
1826 4391
1826 78
1826 376
1826 1436
1826 2758
1826 1470
1826 298
1826 496
1826 262
1826 110
1826 496
1826 422
1826 3206
1826 636
1826 2629
924 4200
924 1119
924 1119
924 1491
924 1341
924 1436
924 298
924 298
924 245
924 2688
924 1086
924 3038
789 298
770 3255
770 1092
770 713
4172 4233
4172 339
4172 492
4172 5001
4172 492
4033 1491
4033 761
4033 1341
5003 1072
4306 1646
4306 723
3265 212
3265 2304
2067 298
2127 3848
2127 2505
2127 5004
1694 430
1694 2554
1694 1436
1694 719
1694 710
1694 4872
1694 1063
2304 3265
4168 3580
4168 3580
5008 430
1572 1014
5009 492
683 1216
683 2759
683 2759
683 245
683 2427
1515 1118
1515 2879
1515 2917
1515 2917
1515 4231
1515 4140
1515 78
1515 110
1515 4857
1515 2040
1515 2963
1515 2548
4289 2846
4289 298
1748 1488
1748 458
1748 458
1748 417
1748 417
682 1548
682 739
1439 340
1439 376
1439 1587
1439 376
4307 3970
4307 3
4307 1092
4307 2237
4307 1840
4307 78
4307 298
4307 303
4307 110
4307 2485
211 2557
211 5015
211 2550
211 5015
211 2550
211 547
211 4473
211 2551
211 1092
211 2551
211 4473
211 2556
211 2556
211 2557
211 2548
211 5016
211 2548
211 5016
211 5011
211 5011
855 303
1022 4265
2018 5018
4958 4248
2422 1764
5020 2215
1072 496
1072 346
1072 3107
1072 5003
1072 1071
1072 2582
1072 2582
1072 2688
1072 3606
1072 4407
1840 4307
3725 710
4110 637
4110 695
3339 2566
4840 4936
4981 1824
4981 3037
1493 298
1493 1484
1493 1484
1493 1682
1493 340
1493 1486
1493 642
1493 4018
1493 4004
1493 4042
1493 483
1493 340
1493 2677
1493 1119
1493 1625
1493 1593
1493 1625
1493 3896
1493 2919
1493 348
1493 1685
1493 299
1493 4186
1493 458
1493 458
1493 458
1493 1494
1493 213
1493 213
1493 296
1493 3263
1493 1158
1493 2003
1493 670
1493 1824
1493 3396
1493 1690
1493 61
1493 61
1493 2038
1493 215
1493 1132
1493 4268
1493 376
1493 936
1493 1436
1493 1051
1493 771
1493 5024
1493 185
1493 1523
1493 1529
1493 2040
1493 1185
1493 298
1493 1485
1493 245
1493 245
1493 565
1493 189
1493 189
1493 189
1493 189
1493 4315
1493 1233
1493 710
1493 714
1493 4315
1493 715
1493 2582
1493 5026
1493 569
1493 5026
1493 1764
1493 2204
1493 3605
1493 4026
1493 3140
1493 826
1493 2714
1493 1081
1493 2763
1493 5028
1493 2383
1493 2383
1493 2913
1493 430
1493 5029
1493 4187
1493 1500
1493 496
1493 303
1493 251
1493 128
1493 4339
1493 314
1493 937
5030 1764
5032 471
539 2048
539 4200
539 1511
539 4366
539 4366
539 1216
539 2572
539 1525
539 76
539 471
539 1436
539 1485
539 298
539 570
539 588
2452 2554
61 1493
61 1493
1519 4857
1519 4857
2867 3580
2867 3651
4138 2550
547 1216
547 211
547 710
547 2989
5034 3632
5034 3632
486 67
486 67
486 482
486 482
486 478
486 478
486 78
486 78
486 86
486 87
486 86
486 87
486 488
486 488
486 110
486 110
486 117
486 117
4709 213
67 573
67 483
67 483
67 486
67 486
67 484
67 484
67 553
67 477
67 477
67 553
67 552
67 552
67 489
67 489
67 245
67 245
67 573
67 557
67 557
67 572
67 572
67 582
67 576
67 576
67 581
67 581
67 2923
67 582
67 493
67 493
4698 2913
4698 2913
1047 1122
5036 569
5037 1075
4999 1691
5038 4858
5038 4858
2134 3351
1520 1509
1520 2778
1520 17
1520 4042
1520 3580
1520 3113
1520 1511
1520 2554
1520 4177
1520 1695
1520 1695
1520 2138
1520 4144
1520 4611
2038 3553
2038 340
2038 4177
2038 1493
2038 262
687 2573
2454 1967
372 3277
2371 2630
484 212
484 482
484 482
484 67
484 67
484 478
484 478
484 78
484 78
484 86
484 86
484 87
484 87
484 488
484 488
484 110
484 110
484 4724
484 117
484 117
762 2912
762 2113
762 3555
762 4190
762 915
762 1092
762 3256
762 4267
762 2213
762 4954
762 298
762 3805
762 3805
762 4022
762 4920
762 2858
762 1499
762 463
762 3249
762 5041
762 5041
762 3664
762 5042
762 5043
762 1248
2453 1393
2453 1393
2453 2554
1695 542
1695 2110
1695 457
1695 1494
1695 761
1695 1261
1695 2677
1695 2566
1695 771
1695 4308
1695 1824
1695 388
1695 1520
1695 1824
1695 1520
1695 771
1695 1688
1695 1688
1695 706
1695 2456
1695 1485
1695 706
1695 3178
1695 4240
1695 1909
1695 4240
1695 587
1695 4314
1695 2630
1695 4907
1695 2040
1695 1202
1695 1202
1170 1516
4457 4456
4457 3269
688 713
688 654
688 649
688 183
688 696
688 298
688 714
688 723
688 719
688 2963
688 742
2918 348
3252 2675
4512 1646
2197 2040
2197 2040
4513 2582
5049 303
3145 1646
3145 1494
3145 1494
2572 89
2572 480
2572 539
2572 1824
2572 691
2572 2582
2572 568
2572 1548
2572 726
2997 3
4352 1824
2138 1520
2138 4314
2138 4314
2309 1436
1171 3174
373 1511
373 4284
370 494
1667 2846
174 1140
1522 3351
1522 1516
1522 121
1522 93
1522 2429
1522 5052
1522 1025
2711 1625
73 20
73 20
73 483
215 2940
215 4006
215 2912
215 2566
215 2099
215 4266
215 1493
215 471
215 376
215 2040
215 3283
215 1895
215 1679
478 340
478 340
478 483
478 483
478 486
478 486
478 484
478 484
478 477
478 477
478 489
478 489
478 245
478 245
478 569
478 493
478 493
477 482
477 482
477 1092
477 67
477 67
477 478
477 478
477 78
477 78
477 86
477 86
477 87
477 87
477 488
477 488
477 110
477 110
477 117
477 117
3573 346
3573 1593
3573 376
2673 1824
3022 4332
3316 3315
550 2554
1926 5061
1926 5061
1926 1910
3967 4858
3967 1867
3351 525
3351 2134
3351 1522
3351 5062
3351 1651
2723 1623
72 5063
1132 157
1132 4228
1132 1493
1132 1527
1132 4319
2043 303
2043 218
2043 303
4006 559
4006 768
4006 3
4006 1319
4006 4366
4006 215
4006 2623
4006 298
4006 2629
1 17
1 1494
1075 5037
240 504
2925 972
923 1665
923 2427
76 659
76 483
76 539
4856 2625
4856 298
1525 1092
1525 539
1525 189
1525 121
553 78
553 78
553 67
553 67
553 87
553 87
553 86
553 86
553 110
553 110
553 117
553 117
5067 298
1115 193
5068 233
1975 1154
1975 1972
1975 3047
1975 344
1975 376
1975 430
1975 2582
3628 874
3628 771
3628 2427
774 3673
1587 2755
1587 340
1587 767
1587 2568
1587 1439
1587 1824
1587 3602
1587 3206
1587 2427
1587 3993
376 1975
376 156
376 156
376 2778
376 472
376 212
376 472
376 2755
376 1593
376 2566
376 1593
376 918
376 2846
376 1593
376 2846
376 348
376 348
376 459
376 2568
376 4201
376 485
376 1319
376 4683
376 4200
376 4302
376 666
376 4302
376 213
376 3958
376 1689
376 1689
376 2622
376 3573
376 1826
376 1824
376 4248
376 1824
376 2707
376 3974
376 4391
376 1439
376 1439
376 215
376 1493
376 1027
376 5070
376 769
376 1688
376 769
376 185
376 1495
376 298
376 3274
376 1638
376 1638
376 1884
376 2582
376 3898
376 233
376 1646
376 1967
376 3606
376 874
376 1893
376 2763
376 2767
376 2693
376 2718
376 430
376 4296
376 2630
376 2630
376 1909
376 3993
376 303
376 4404
376 2629
376 3288
4139 1436
4139 340
2143 2099
2143 303
692 3555
692 3555
692 504
692 149
692 710
552 67
552 67
552 78
552 78
552 87
552 86
552 86
552 87
552 110
552 110
552 117
552 117
1642 1593
1642 243
1642 2578
1642 226
1642 636
2461 769
4140 1515
4140 1824
4140 2846
1752 2364
1526 4420
1526 4184
2240 2751
2240 2751
1071 1072
1071 3580
1077 2778
1077 3819
1077 348
1077 4861
1077 3412
1077 495
1077 245
1077 2715
1077 306
1077 306
2926 2929
2971 2597
2971 2970
2971 2677
2971 3781
4268 1092
4268 1593
4268 298
4268 298
4268 1493
2142 3
1175 3091
1175 3435
1175 1481
691 1216
691 2572
691 471
691 1485
691 570
691 588
181 528
181 773
181 2587
489 20
489 482
489 482
489 67
489 67
489 478
489 478
489 78
489 78
489 86
489 86
489 87
489 87
489 245
489 488
489 488
489 110
489 110
489 116
489 116
489 117
489 117
2759 683
2759 683
2759 1628
2759 3758
2759 1627
2759 1092
2759 4873
2759 2917
2759 2923
4249 78
4249 110
4249 2279
693 1092
799 4925
471 691
471 480
471 348
471 1216
471 1494
471 3618
471 4158
471 501
471 539
471 5032
471 298
471 215
471 5076
471 5076
471 89
471 710
471 564
471 4103
471 713
471 568
471 773
471 726
471 2171
471 3989
471 3080
3828 348
3828 4250
3828 348
3828 3091
78 152
78 1912
78 2778
78 2778
78 3912
78 3758
78 341
78 2677
78 1665
78 2566
78 483
78 483
78 1092
78 1628
78 1628
78 1686
78 4267
78 4170
78 1824
78 1826
78 1515
78 4307
78 486
78 486
78 484
78 484
78 552
78 477
78 477
78 553
78 553
78 552
78 489
78 489
78 4249
78 771
78 3269
78 428
78 298
78 245
78 245
78 245
78 5077
78 100
78 557
78 557
78 572
78 572
78 1640
78 262
78 3197
78 573
78 5078
78 573
78 576
78 495
78 576
78 2485
78 2485
78 430
78 581
78 581
78 1370
78 582
78 582
78 2630
78 303
78 493
78 1500
78 493
78 2401
78 2629
1811 185
1811 1548
1811 1548
1811 2582
242 4297
242 4297
242 152
242 352
242 309
3532 346
3532 166
3532 4409
3532 3898
3532 298
3532 569
3532 2906
3268 1895
3268 212
3268 1436
3268 761
3268 340
294 2554
294 1436
4852 4158
1051 3
1051 1493
1051 2582
1332 2629
1332 2629
5083 3140
5083 5084
2605 1593
2605 348
2605 2917
2605 348
2605 1496
2605 2617
2605 4287
5076 471
5076 471
551 1216
82 3744
3202 185
858 2582
611 3916
611 617
4648 3703
3269 495
3269 4457
3269 4160
3269 78
3269 1485
3269 110
3269 1086
2761 2912
1436 920
1436 3572
1436 340
1436 1980
1436 1980
1436 916
1436 1686
1436 2505
1436 559
1436 245
1436 298
1436 245
1436 3109
1436 5087
1436 5087
1436 2715
1436 2040
1436 262
1436 2485
1436 737
1436 476
1436 430
1436 430
1436 2630
1436 4321
1436 5088
1436 5088
1436 4262
1436 306
1436 1120
1436 1120
1436 4683
1436 769
1436 2555
1436 3113
1436 485
1436 4184
1436 473
1436 4303
1436 1689
1436 296
1436 1694
1436 544
1436 924
1436 1826
1436 539
1436 1493
1436 2309
1436 4139
1436 3268
1436 771
1436 294
1436 1341
2758 2152
2758 3095
2758 2569
2758 1879
2758 1826
2758 233
3097 4184
183 2706
183 3035
183 17
183 760
183 1092
183 1092
183 213
183 1494
183 1824
183 688
183 1497
183 388
183 1646
183 739
3465 4103
771 1493
771 767
771 2778
771 472
771 17
771 2778
771 3524
771 849
771 761
771 3804
771 1119
771 3580
771 1092
771 2846
771 1092
771 1092
771 2505
771 2917
771 213
771 4176
771 485
771 485
771 3113
771 3113
771 458
771 4288
771 1511
771 3424
771 3
771 2102
771 4911
771 4911
771 2999
771 4919
771 4303
771 4303
771 1824
771 2369
771 1690
771 1824
771 4922
771 5089
771 1695
771 1695
771 3628
771 78
771 1436
771 1341
771 1485
771 769
771 381
771 769
771 5024
771 2317
771 298
771 5090
771 245
771 245
771 3953
771 189
771 2082
771 4470
771 3433
771 233
771 4471
771 4309
771 4309
771 417
771 463
771 110
771 2487
771 4987
771 3953
771 587
771 2485
771 2485
771 3197
771 2587
771 433
771 434
771 3197
771 1370
771 1370
771 1372
771 2630
771 303
771 303
771 3791
771 3438
771 2428
771 4401
771 4401
2713 1494
2713 3524
2713 4380
2713 696
2713 4354
2713 3402
2713 1646
2713 1646
2713 1646
2713 3791
448 4040
448 4041
448 4041
448 4413
448 4414
448 4415
1341 1634
1341 1686
1341 1319
1341 1494
1341 3958
1341 4155
1341 3
1341 2622
1341 1020
1341 3305
1341 924
1341 261
1341 4033
1341 1436
1341 771
1341 5091
1341 189
1341 1466
1341 719
1341 248
1341 2629
1111 346
1111 1625
1111 4532
1111 3433
3399 916
3399 1665
3399 1149
1094 189
1094 3285
1094 1646
555 1216
4308 1092
4308 1695
554 1216
769 465
769 4678
769 3606
769 109
769 568
769 2505
769 472
769 340
769 849
769 4048
769 849
769 1593
769 348
769 27
769 348
769 348
769 1869
769 3113
769 1824
769 3
769 3997
769 1019
769 376
769 2461
769 376
769 1436
769 771
769 771
769 4221
769 462
769 262
769 2763
769 4171
769 1127
769 1535
769 514
769 306
3980 3063
217 208
217 3
217 2213
217 1824
217 298
217 3273
179 346
179 3606
179 2582
179 2582
179 2688
179 496
3714 1435
381 2361
381 771
517 1216
1340 2677
1340 2715
5093 189
2499 245
2070 185
1435 298
1435 3714
3630 298
5095 1815
936 340
936 1493
936 496
936 3637
4968 2128
2399 348
1497 761
1497 2756
1497 649
1497 654
1497 348
1497 1593
1497 1092
1497 1092
1497 719
1497 183
1497 714
1497 696
1497 713
1497 2485
1497 723
1497 2485
1497 2963
1497 742
1497 117
185 1437
185 3586
185 3321
185 2677
185 1092
185 3113
185 1068
185 1872
185 3620
185 1689
185 1691
185 1493
185 2696
185 376
185 1688
185 1811
185 3202
185 2070
185 300
185 3429
185 1496
185 4902
185 706
185 1548
185 1498
185 189
185 189
185 1548
185 233
185 2582
185 1472
185 3606
185 5097
185 474
185 874
185 1355
185 303
185 3409
185 1500
185 1086
3631 4990
241 4272
241 1470
385 156
385 1967
1178 1122
3925 3253
3925 4170
3925 1494
2948 1869
3355 1097
4354 2554
4354 346
4354 2555
4354 2719
4354 2713
4354 2714
4354 4415
300 185
300 710
300 710
437 128
437 2630
696 2706
696 688
696 1497
696 2713
696 1548
696 739
696 739
5015 211
5015 211
5015 2171
5015 2171
4417 3
4417 677
3629 2778
3629 3702
1339 960
384 492
3305 1341
1343 2629
1343 2629
1343 1092
1343 3
1343 1824
2145 568
4393 3150
4393 496
388 156
388 1397
388 1397
388 473
388 1695
388 183
388 298
388 4291
388 476
388 3287
388 117
1527 2846
1527 3703
1527 3703
1527 1132
1523 1493
2054 4181
2054 452
2054 104
2054 3113
5024 771
5024 1493
2606 298
4875 2549
4875 2549
86 245
86 245
86 483
86 483
86 486
86 484
86 486
86 484
86 477
86 477
86 553
86 553
86 552
86 552
86 489
86 489
86 557
86 557
86 572
86 572
86 573
86 573
86 576
86 576
86 581
86 581
86 582
86 582
86 493
86 493
2373 2058
2373 214
2373 214
2373 1348
3916 611
3916 5102
3916 5102
2578 1092
2578 1092
2578 1642
2578 298
2687 1665
2687 3412
2687 4656
2318 4384
2318 4384
695 4108
695 4110
1688 472
1688 1486
1688 1695
1688 1695
1688 376
1688 185
1688 298
1688 189
1688 189
1688 262
1688 262
1688 1086
4964 1019
5103 3647
616 233
616 624
616 624
616 4317
1507 3
87 483
87 483
87 553
87 484
87 484
87 486
87 486
87 477
87 477
87 553
87 552
87 552
87 489
87 489
87 245
87 245
87 557
87 557
87 572
87 572
87 573
87 573
87 493
87 493
87 576
87 576
87 582
87 581
87 581
87 582
209 1623
2922 2912
2922 1665
2922 1665
2634 212
2634 212
2634 1443
2634 3443
2634 1868
2634 492
2634 1646
2634 1472
2317 771
1699 2316
1699 189
1699 1500
2316 1699
5062 3351
3429 4228
3429 472
3429 4255
3429 2622
3429 4176
3429 710
3429 185
3429 710
1516 1628
1516 4302
1516 4302
1516 4362
1516 1170
1516 1522
1516 298
1516 5105
1516 1651
1641 1494
1641 4341
1641 4341
1641 4344
1641 4344
2463 2446
2936 1485
2936 245
2936 1325
2936 4261
2936 4923
2936 4261
2936 1129
2936 1129
2936 213
2936 3
2936 3
2936 544
1529 964
1529 1092
1529 1493
860 1518
3401 1481
3401 417
3401 298
1215 5107
1215 5108
1215 5109
5110 4402
1496 3758
1496 2605
1496 185
1496 1646
1496 3037
1496 3037
1496 3989
3191 346
4269 1481
4269 3091
4269 3632
2456 1695
559 430
559 2630
559 212
559 3447
559 299
559 3113
559 3096
559 1216
559 675
559 4006
559 1436
559 1348
559 298
559 298
559 245
559 1122
559 710
559 189
559 3582
5111 1185
5111 5112
5111 2629
772 1548
772 298
772 2427
4670 1319
85 340
2623 4006
940 2630
940 459
701 713
1552 1591
1552 245
1528 2566
1528 3113
4353 2215
4353 2769
4353 914
4353 4361
4353 4351
4353 417
4353 298
4353 3197
4353 2040
4353 2427
4353 2335
1027 2778
1027 376
1027 3038
218 531
218 2043
3599 1092
1495 1484
1495 1486
1495 1092
1495 2919
1495 4712
1495 544
1495 2102
1495 376
1495 706
1495 2913
1495 2587
5090 771
2360 299
2360 654
2360 3982
2360 3943
4448 1093
560 2554
298 1140
298 1665
298 2566
298 2067
298 2597
298 1092
298 1628
298 2505
298 2505
298 345
298 1270
298 4193
298 2917
298 1261
298 1154
298 299
298 4655
298 3113
298 3113
298 3096
298 458
298 1511
298 4302
298 789
298 3051
298 4170
298 4366
298 3651
298 2213
298 2213
298 2213
298 2129
298 504
298 1158
298 1158
298 675
298 1283
298 924
298 924
298 1824
298 1824
298 1824
298 2131
298 1826
298 2046
298 4706
298 4289
298 2677
298 760
298 4190
298 1861
298 758
298 297
298 297
298 1484
298 1214
298 960
298 2044
298 960
298 2970
298 2931
298 472
298 2048
298 472
298 1214
298 1598
298 4190
298 1712
298 525
298 1712
298 330
298 2119
298 340
298 20
298 4112
298 2851
298 3804
298 4307
298 539
298 1493
298 1493
298 688
298 762
298 4006
298 388
298 4856
298 5067
298 376
298 4268
298 4268
298 78
298 471
298 1436
298 3532
298 771
298 1435
298 217
298 3630
298 89
298 2578
298 2606
298 1688
298 3401
298 1516
298 559
298 559
298 4353
298 772
298 245
298 245
298 4902
298 2147
298 93
298 189
298 3431
298 3805
298 710
298 710
298 1122
298 1122
298 1122
298 2028
298 2429
298 1233
298 3898
298 233
298 2582
298 464
298 2906
298 4314
298 3543
298 474
298 1769
298 5119
298 3632
298 3632
298 2335
298 1578
298 425
298 732
298 4294
298 1243
298 1243
298 5120
298 121
298 2549
298 2485
298 2485
298 4936
298 4936
298 5121
298 248
298 2913
298 430
298 430
298 3206
298 1202
298 4721
298 1202
298 3885
298 2630
298 4054
298 2237
298 2237
298 4224
298 1655
298 5123
298 1679
298 587
298 4953
298 128
298 1790
298 2952
298 2952
298 5124
298 5124
298 5011
298 2629
298 2401
298 5125
298 5127
298 5126
298 5128
298 5127
298 1025
298 755
298 3118
298 3118
298 5129
83 458
83 2046
3088 909
1485 4240
1485 212
1485 761
1485 480
1485 1129
1485 1129
1485 4158
1485 1878
1485 1493
1485 539
1485 1695
1485 2936
1485 691
1485 3269
1485 771
1485 89
1485 2322
1485 706
1485 2322
1485 5061
1485 189
1485 568
1485 726
1485 419
1485 2383
1485 2383
1485 2485
1485 3285
1485 3285
1485 590
1485 2865
1485 2865
4310 1092
4279 1665
702 1216
3273 262
3273 5131
3273 217
3273 262
3273 3405
1185 1493
1185 5111
1185 4872
1185 5091
1185 2630
245 212
245 482
245 482
245 3611
245 3611
245 1488
245 2677
245 1092
245 1628
245 1384
245 920
245 3096
245 458
245 1511
245 4302
245 2518
245 4246
245 1158
245 1824
245 924
245 683
245 1493
245 1493
245 67
245 67
245 478
245 478
245 1077
245 489
245 78
245 78
245 78
245 1436
245 1436
245 771
245 771
245 2499
245 86
245 86
245 87
245 87
245 2936
245 559
245 1552
245 298
245 298
245 488
245 488
245 1498
245 189
245 1884
245 715
245 110
245 110
245 110
245 1764
245 1646
245 2485
245 3330
245 3197
245 3285
245 2401
245 2401
245 117
245 117
245 2865
245 2696
3600 1686
4532 1111
89 2572
89 471
89 298
89 1485
89 570
89 588
395 1623
1879 2758
4965 3396
4965 4189
220 2708
220 2554
220 2582
3735 1092
2147 299
2147 1824
2147 1824
2147 298
705 17
705 3632
4902 185
4902 298
94 1018
3179 2717
3179 1646
704 1647
3274 339
3274 212
3274 1486
3274 376
3274 3405
706 1541
706 1695
706 1695
706 185
706 1495
706 1485
706 189
706 642
243 1642
243 3805
243 226
243 226
243 2630
243 3
5089 771
759 3543
398 3259
1325 2582
1325 2706
1325 2936
4662 2555
191 2630
2073 348
2073 4873
5061 1926
5061 1926
5061 1485
2322 1485
2322 1485
2322 189
193 1115
193 2582
193 262
193 2630
193 472
193 659
193 3
193 3
193 3700
193 3700
562 1216
5143 3288
1186 2114
1186 27
2152 2758
2152 3
2412 3
2412 3
708 713
708 719
708 4187
4474 3
93 1522
93 298
93 1651
488 486
488 486
488 484
488 484
488 477
488 477
488 489
488 489
488 245
488 245
488 493
488 493
488 483
488 483
4710 213
4710 213
3114 3555
5102 3916
5102 3916
2625 2630
2625 346
2625 1665
2625 4856
2625 495
2625 3584
2704 1646
1973 1972
1973 4266
1638 376
1638 376
189 1498
189 710
189 4055
189 1764
189 1764
189 2040
189 874
189 1646
189 2427
189 3197
189 3197
189 2770
189 303
189 2630
189 1543
189 1086
189 1208
189 314
189 3587
189 3587
189 3587
189 2116
189 3362
189 559
189 1625
189 1488
189 2677
189 1593
189 1092
189 1628
189 27
189 3113
189 3113
189 1154
189 4462
189 3113
189 3113
189 4419
189 1129
189 1129
189 1494
189 4170
189 4158
189 3262
189 296
189 2903
189 1493
189 3264
189 1690
189 1493
189 1493
189 1493
189 1525
189 771
189 1341
189 1094
189 5093
189 185
189 185
189 298
189 1688
189 1688
189 1699
189 1485
189 245
189 706
189 2322
189 3586
189 1299
189 1299
189 3110
3431 472
3431 1824
3431 340
3431 3
3431 3
3431 298
3431 3898
3431 3898
3431 430
3431 314
2949 5084
2949 3140
4225 2301
565 1216
565 1493
451 1092
2849 2677
2849 2677
1884 485
1884 1443
1884 3175
1884 1868
1884 3113
1884 1319
1884 3
1884 1837
1884 1451
1884 1837
1884 4135
1884 376
1884 245
1884 5145
1884 262
1884 430
1884 2630
1884 3441
3805 243
3805 226
3805 2249
3805 298
3805 762
3805 762
3805 1885
4872 2629
4872 1694
4872 1691
4872 4229
4872 1185
4872 826
4872 2630
4872 1371
1466 2630
1466 2629
1466 1017
1466 1867
1466 1017
1466 1665
1466 1319
1466 1319
1466 1824
1466 4147
1466 1341
1466 2579
1466 2579
1466 1548
3943 2360
4413 448
4413 4041
3985 3346
1941 4293
1941 5098
1941 3372
2762 260
2762 340
2762 2756
2762 1824
2762 2427
2859 430
1498 1691
1498 3
1498 4315
1498 245
1498 185
1498 189
1498 2766
1498 2766
1498 4294
1498 430
4871 3
710 1484
710 2706
710 3418
710 3141
710 1092
710 1625
710 4176
710 4184
710 458
710 458
710 213
710 666
710 1511
710 457
710 2554
710 2554
710 296
710 2446
710 504
710 504
710 1824
710 4246
710 2743
710 1694
710 1690
710 3725
710 1493
710 547
710 298
710 692
710 471
710 298
710 3429
710 300
710 300
710 3429
710 559
710 189
710 1592
710 564
710 4299
710 4320
710 3437
710 3197
710 3286
710 292
710 1500
710 2865
710 3207
4894 4893
1461 3618
1461 3
4862 3824
5077 110
5077 78
5077 1355
5077 1355
5077 1376
5148 3898
100 2677
100 1092
100 78
100 110
100 3587
1122 472
1122 1047
1122 1178
1122 559
1122 298
1122 298
1122 298
1122 5149
5131 3273
4983 1824
4983 2629
1988 568
1988 2582
4142 340
1055 2171
1055 2171
5153 495
4022 762
4022 1824
4022 4584
4022 2630
3402 2713
3402 262
3402 4153
3402 4153
617 1021
617 611
2765 2555
2765 3437
4963 1019
4240 3197
4240 1695
4240 1695
4240 1092
4240 1092
4240 483
4240 654
4240 1824
4240 1824
4240 1824
4240 1485
4924 1143
2688 4699
2688 1824
2688 4922
2688 924
2688 1072
2688 179
2688 1082
2688 2485
2688 1084
2688 1500
3961 340
4425 3744
2579 4302
2579 4302
2579 1967
2579 1466
2579 1466
2579 303
2579 2846
2579 2778
4348 4347
4470 485
4470 771
3814 430
2028 3141
2028 298
619 2555
3433 771
3433 1593
3433 964
3433 2566
3433 3913
3433 1628
3433 1628
3433 1491
3433 1093
3433 3618
3433 3651
3433 4136
3433 1111
3433 3279
3433 1646
3433 4144
3433 430
3433 2348
3433 749
3433 749
5094 292
2927 2917
2927 2917
3276 473
3276 1837
3276 476
400 4018
400 3606
400 2865
106 1158
106 1193
2429 3978
2429 4440
2429 1522
2429 298
566 1511
566 1216
566 2048
5149 1122
470 1092
470 3637
1470 2569
1470 3912
1470 1092
1470 1488
1470 4350
1470 2710
1470 2710
1470 1445
1470 1824
1470 1826
1470 241
1470 3437
1470 3206
1470 3206
1470 202
5075 2582
2155 1631
2155 1092
2155 1092
2155 2485
2155 2485
2155 1542
2103 2630
564 472
564 1216
564 471
564 710
564 4936
452 2054
452 5155
452 4300
4920 679
4920 762
4863 4119
4863 3111
4863 5156
4863 5157
4863 4956
4863 314
1548 1546
1548 340
1548 3555
1548 3393
1548 4706
1548 682
1548 2572
1548 1811
1548 1811
1548 772
1548 185
1548 185
1548 696
1548 1466
1548 713
1548 4233
1548 430
1548 2171
1548 5155
1548 1948
1189 1491
4232 3
4103 471
4103 3112
4103 3465
4103 714
4103 3761
4475 3113
557 67
557 67
557 78
557 78
557 86
557 86
557 87
557 87
557 110
557 110
557 117
557 117
4338 2553
4338 1494
4338 1494
4338 1646
4338 1646
4338 4320
4338 2913
2609 2485
2157 1665
3178 3580
3178 340
3178 346
3178 2622
3178 1695
939 2556
4550 4261
4550 5004
5112 5111
3824 4862
3275 262
2858 762
3898 376
3898 458
3898 298
3898 3532
3898 5148
3898 3431
3898 3431
4180 3418
4471 485
4471 771
2154 2191
4313 1092
3602 348
3602 1587
4291 388
713 2706
713 5156
713 2555
713 671
713 770
713 688
713 471
713 1497
713 701
713 708
713 1548
713 739
713 739
713 292
992 496
233 4369
233 1591
233 3113
233 972
233 1824
233 5068
233 376
233 771
233 2758
233 185
233 616
233 298
233 262
233 2630
233 3781
233 3781
233 3118
5145 1884
3109 1436
714 2706
714 1493
714 688
714 1497
714 4103
714 4341
714 739
1233 458
1233 1493
1233 298
407 2554
4312 1092
4312 1092
4907 4170
4907 1695
4311 3
4311 2629
4144 1520
4144 1897
4144 3433
715 1493
715 245
4290 2846
5160 2427
2186 1243
263 3337
4309 771
4309 3974
4309 1092
4309 771
4309 2671
4055 189
568 2755
568 2846
568 1216
568 2572
568 471
568 1988
568 769
568 2145
568 1485
568 4293
568 570
568 2427
568 1967
568 2766
568 2171
568 588
109 3113
109 769
1588 1646
3403 472
3403 472
5161 3288
1349 3141
1349 918
4143 340
1078 303
1348 1628
1348 1447
1348 4135
1348 2373
1348 559
1348 2630
1348 4056
5162 4447
2582 472
2582 768
2582 849
2582 1665
2582 2566
2582 3113
2582 4465
2582 1491
2582 3
2582 3618
2582 3111
2582 3259
2582 3958
2582 4996
2582 1493
2582 1072
2582 1072
2582 4513
2582 2572
2582 376
2582 1975
2582 858
2582 1811
2582 1051
2582 185
2582 179
2582 179
2582 298
2582 1325
2582 220
2582 1988
2582 193
2582 5075
2582 5163
2582 3582
2582 4572
2582 262
2582 4296
2582 1675
2582 4785
2582 5164
2582 1084
2582 1084
2582 2629
2582 2629
2582 4916
4369 233
5070 376
569 1116
569 348
569 348
569 1491
569 1494
569 5036
569 1216
569 2622
569 1493
569 478
569 3532
569 2427
569 2427
569 2766
569 4286
624 616
624 616
1193 22
1193 106
1193 135
104 2054
4414 4041
4414 448
1592 2677
1592 710
4222 1488
2906 3532
2906 298
5026 1493
5026 1493
4035 4952
2955 3618
2955 3618
110 771
110 4307
110 1515
110 1826
110 1824
110 486
110 486
110 484
110 484
110 552
110 477
110 477
110 552
110 553
110 553
110 489
110 489
110 4249
110 3269
110 576
110 576
110 573
110 573
110 245
110 245
110 245
110 100
110 5077
110 557
110 557
110 572
110 572
110 262
110 1640
110 428
110 5078
110 495
110 430
110 2485
110 2485
110 3197
110 581
110 581
110 1370
110 582
110 582
110 2630
110 303
110 493
110 493
110 1500
110 2629
110 2401
110 4170
110 1912
110 2778
110 2778
110 3758
110 3912
110 341
110 2677
110 483
110 483
110 2566
110 1092
110 1665
110 152
110 1628
110 1628
110 4267
110 1686
1220 2766
1764 3580
1764 1140
1764 2622
1764 3780
1764 1493
1764 2422
1764 5030
1764 245
1764 189
1764 189
1764 1500
1764 3781
1764 3781
1764 3636
4145 340
2421 2846
2421 492
2421 306
3605 1493
111 1824
719 2706
719 1694
719 4231
719 688
719 1497
719 1341
719 708
719 739
4272 241
1499 1511
1499 762
2204 1493
2204 3632
5166 1014
4858 2554
4858 5167
4858 5038
4858 5038
4858 3967
871 2566
4314 1092
4314 1695
4314 1824
4314 2138
4314 2138
4314 298
4189 4188
4189 4928
4189 4965
1425 3
4681 4200
5163 2582
2715 1340
2715 1119
2715 1436
2715 3700
2715 1077
2715 430
2715 262
2715 1967
2715 3698
4315 1493
4315 1493
4315 1498
4315 474
3434 472
3434 1154
3434 1897
3434 5168
3434 2629
3434 3993
3434 2629
5097 185
1645 583
226 3
226 1642
226 243
226 243
226 3805
226 2630
3405 3274
3405 3273
3277 372
3543 298
3543 759
3647 5103
4292 2846
3606 4121
3606 213
3606 2128
3606 1072
3606 179
3606 376
3606 769
3606 185
3606 400
3606 2427
3606 1084
3606 2617
4678 769
572 67
572 67
572 78
572 78
572 86
572 86
572 87
572 87
572 110
572 110
572 117
572 117
4544 474
3608 4252
3608 2171
5087 1436
5087 1436
5087 2629
3278 3393
225 1625
464 4157
464 348
464 299
464 3618
464 3262
464 298
3830 3758
465 2566
465 1140
465 1665
465 348
465 3113
465 769
465 463
465 1967
463 1665
463 348
463 3113
463 762
463 771
463 465
463 201
463 496
463 1119
463 4056
570 691
570 89
570 568
570 726
570 3989
570 3989
570 2401
570 2401
570 480
570 2554
570 1216
570 539
5091 1341
5091 1185
4044 3285
4044 3140
3829 1092
3583 1486
4034 761
3065 5065
417 156
417 3553
417 1119
417 1593
417 1593
417 348
417 4302
417 3261
417 4353
417 1824
417 1748
417 1748
417 3401
417 771
417 723
417 430
417 4283
417 2630
417 2630
4036 348
474 6
474 1214
474 767
474 1490
474 2622
474 4305
474 1824
474 185
474 298
474 4544
474 4315
474 5122
2671 4309
2040 2917
2040 3758
2040 1486
2040 4250
2040 2846
2040 1092
2040 4302
2040 1515
2040 3780
2040 1493
2040 1695
2040 215
2040 2197
2040 2197
2040 1436
2040 4353
2040 189
2040 3197
2040 3197
2040 430
1887 2629
944 322
944 322
723 2706
723 1823
723 671
723 4306
723 688
723 1497
723 739
723 417
723 4341
723 2485
3037 4981
3037 1496
3037 1496
4221 1488
4221 769
1351 346
510 4247
510 427
510 5169
1769 298
4711 213
2962 3745
2962 3745
2962 3745
724 4468
2714 1493
2714 4354
2714 3989
2714 5171
4256 4054
4256 4397
5172 4320
1082 2688
4460 4362
4460 4185
4460 4229
4293 3113
4293 2846
4293 568
4293 1941
4293 2923
1967 4351
1967 2102
1967 1486
1967 1686
1967 2778
1967 1119
1967 2778
1967 849
1967 340
1967 1593
1967 3107
1967 348
1967 348
1967 4660
1967 3618
1967 2454
1967 376
1967 385
1967 465
1967 568
1967 2579
1967 2715
1967 262
1967 3330
1967 2283
1967 303
1967 496
1967 1906
1967 117
4355 2629
4355 1086
5173 5157
3699 4303
1472 4334
1472 185
1472 2634
1472 4233
718 1216
1640 2912
1640 914
1640 918
1640 2102
1640 3974
1640 4241
1640 78
1640 110
1640 3197
1640 583
2909 4262
2909 1444
2909 1092
2909 3
727 2553
727 590
4341 714
4341 1641
4341 1641
4341 1647
4341 1647
4341 723
4341 1646
4341 1646
2633 1868
2633 212
2633 492
5119 298
826 1493
826 4872
726 1216
726 2572
726 471
726 1485
726 570
726 588
3648 1494
3646 1494
1081 2825
1081 458
1081 1493
5098 1941
3632 525
3632 705
3632 5034
3632 3913
3632 1824
3632 298
3632 5034
3632 298
3632 4269
3632 5174
3632 2204
3632 3149
3632 590
4857 1515
4857 2554
4857 1519
4857 1519
4857 590
4153 3402
4153 3402
4153 430
4426 3744
2557 211
2557 211
2557 1301
1647 1092
1647 4184
1647 1494
1647 704
1647 4341
1647 4341
1647 4344
1647 4344
1647 430
419 1485
3761 3762
3761 2505
3761 2915
3761 3758
3761 1824
3761 4103
5063 72
2126 2677
4299 4298
4299 4176
4299 710
773 3
773 181
773 471
773 2629
4119 4956
4119 4863
1356 4321
1359 1824
1359 1824
1358 339
4203 2677
4147 1466
4147 340
2921 2912
2921 485
462 769
511 458
4316 1092
4572 3
4572 2582
4572 3989
4572 1602
2082 771
5108 1215
5108 1221
2825 2773
2825 1081
421 492
874 376
874 3628
874 4160
874 185
874 189
874 2485
2763 3618
2763 2912
2763 1488
2763 1154
2763 3412
2763 4302
2763 376
2763 1493
2763 769
2763 4209
5174 3632
1893 348
1893 376
3584 1486
3584 2625
5175 2629
5175 4956
2335 4353
2335 298
2335 736
2335 303
2335 303
2335 3880
3140 2949
3140 4044
3140 340
3140 1511
3140 4680
3140 1493
3140 5083
2766 1628
2766 4903
2766 569
2766 1498
2766 1498
2766 568
2766 1220
2766 4160
2766 496
2766 2630
2427 683
2427 2425
2427 2566
2427 2846
2427 3704
2427 348
2427 348
2427 2756
2427 1686
2427 3185
2427 923
2427 3628
2427 1587
2427 4353
2427 772
2427 569
2427 2762
2427 189
2427 569
2427 5160
2427 568
2427 3606
2427 2485
4233 1490
4233 1490
4233 4172
4233 2718
4233 1472
4233 1548
3372 1941
2717 2703
2717 2703
2717 4185
2717 4185
2717 3179
5176 4982
4171 3580
4171 769
425 4206
425 298
4730 3618
1646 2713
1646 1625
1646 2703
1646 2703
1646 2553
1646 1092
1646 652
1646 4380
1646 4380
1646 213
1646 1494
1646 1494
1646 1494
1646 2554
1646 4191
1646 504
1646 4887
1646 4974
1646 4306
1646 4512
1646 3145
1646 183
1646 376
1646 2713
1646 2713
1646 2634
1646 1094
1646 1496
1646 245
1646 3179
1646 4338
1646 189
1646 2704
1646 4338
1646 3433
1646 4341
1646 1588
1646 4341
1646 4344
1646 4344
1646 5177
1646 2923
1646 430
1646 742
1646 4952
1578 298
938 1690
938 1119
938 1143
2612 2171
3582 1486
3582 1149
3582 2582
3582 559
3582 492
4344 1641
4344 1641
4344 1647
4344 1647
4344 1646
4344 1646
1355 185
1355 5077
1355 5077
1355 430
1355 2630
262 1826
262 472
262 3867
262 761
262 768
262 1593
262 1275
262 3618
262 2622
262 3
262 47
262 2102
262 2129
262 2102
262 4246
262 1824
262 1824
262 2038
262 78
262 1884
262 1436
262 769
262 1688
262 1688
262 3273
262 3273
262 193
262 3253
262 3402
262 3275
262 233
262 2582
262 110
262 2715
262 1967
262 3091
262 3698
262 2767
262 1369
262 128
262 636
427 510
4982 5176
5157 5173
5157 4863
4397 4256
5178 496
4160 2100
4160 2766
4160 3269
4160 874
3346 340
3346 340
3346 4266
3346 3985
2693 376
2986 1824
428 78
428 3
428 3
428 110
3036 3
732 1216
732 298
1243 2677
1243 2677
1243 298
1243 298
1243 2186
1460 306
1965 1395
4263 1628
4263 4228
4263 4228
4204 3
5078 110
5078 78
1221 5109
1221 5108
1221 5107
116 489
116 489
116 121
573 67
573 67
573 78
573 78
573 86
573 86
573 87
573 87
573 110
573 110
573 117
573 117
4294 298
4294 2846
4294 1498
4658 3096
5168 3434
1652 496
5120 298
4427 3744
3281 3862
5028 1493
2383 1092
2383 2566
2383 458
2383 1824
2383 1493
2383 1493
2383 1485
2383 1485
4576 785
4399 1815
4399 348
736 2335
995 152
995 352
995 309
763 758
763 1494
763 1319
763 1129
763 2919
763 3287
2857 2566
4987 771
620 633
1955 1593
4724 484
121 1651
121 587
121 792
121 1522
121 1525
121 298
121 116
3673 439
3673 781
3673 774
1891 2629
4282 3113
4282 3166
495 2752
495 494
495 3581
495 4042
495 3758
495 348
495 348
495 3113
495 3554
495 457
495 4302
495 4934
495 2129
495 3269
495 78
495 1077
495 2625
495 5153
495 110
495 3197
495 434
495 496
2718 340
2718 1980
2718 3393
2718 4186
2718 376
2718 4233
575 3285
575 3285
2171 568
2171 3105
2171 3320
2171 4152
2171 460
2171 2846
2171 2846
2171 2846
2171 4473
2171 4473
2171 5015
2171 4715
2171 2598
2171 471
2171 5015
2171 1055
2171 1548
2171 1055
2171 2923
2171 3608
2171 2612
2171 4286
2171 5011
2171 5016
2171 5016
2171 5011
2171 4286
2171 3388
2171 3388
2487 771
3115 3440
3729 849
3729 303
3729 1371
3435 1175
2549 3412
2549 485
2549 298
2549 4875
2549 4875
2549 3441
2549 4054
2549 314
4317 1092
4317 616
3057 1828
4584 4022
576 67
576 67
576 78
576 78
576 86
576 86
576 87
576 87
576 110
576 110
576 117
576 117
734 4978
2169 4167
3283 215
5180 5181
5181 5180
5182 3287
737 3442
737 3447
737 761
737 458
737 1216
737 1436
5041 762
5041 762
3330 245
3330 1967
3330 3206
4318 1092
2863 5183
2863 5183
3953 3
3953 771
3953 771
5105 1516
2485 525
2485 916
2485 1092
2485 3113
2485 3113
2485 3
2485 2102
2485 2102
2485 678
2485 2046
2485 4307
2485 78
2485 78
2485 771
2485 1436
2485 771
2485 1497
2485 1497
2485 298
2485 298
2485 1485
2485 245
2485 2688
2485 2155
2485 2155
2485 2609
2485 110
2485 110
2485 723
2485 874
2485 2427
3989 3259
3989 3
3989 2213
3989 471
3989 4572
3989 1496
3989 2714
3989 570
3989 570
3989 4161
3989 3288
3437 710
3437 472
3437 485
3437 340
3437 1470
3437 2765
4319 1132
433 1824
433 771
2573 2566
2573 687
574 531
574 1216
5177 1646
1895 215
1895 3268
4923 2936
4923 5126
5121 298
4936 298
4936 4840
4936 298
4936 564
5122 474
492 2628
492 340
492 3874
492 1092
492 1092
492 2569
492 2917
492 1384
492 2632
492 5009
492 4302
492 3
492 4172
492 4172
492 421
492 2634
492 384
492 2633
492 2421
492 3582
492 3285
492 2635
492 2629
4320 1092
4320 710
4320 4261
4320 3440
4320 3440
4320 4338
4320 5172
434 1486
434 348
434 771
434 495
434 496
5156 713
5156 4863
1595 1591
1595 1591
4283 417
4283 3197
122 1665
122 1092
122 348
122 1824
2913 4338
2913 1493
2913 1488
2913 298
2913 4698
2913 4698
2913 1495
5042 762
3197 2754
3197 2778
3197 526
3197 1593
3197 348
3197 2917
3197 2622
3197 3
3197 2622
3197 1824
3197 78
3197 771
3197 771
3197 4353
3197 245
3197 189
3197 189
3197 710
3197 4240
3197 110
3197 2040
3197 2040
3197 1640
3197 495
3197 2617
3197 4283
3197 3287
3197 303
3197 2237
3197 2401
4296 2582
4296 2846
4296 376
3856 3284
739 723
739 742
739 654
739 9
739 649
739 654
739 4854
739 4456
739 682
739 719
739 183
739 696
739 696
739 713
739 714
739 713
4254 4159
4254 4252
4254 4252
4254 4176
4254 314
430 5184
430 3814
430 3433
430 1548
430 2715
430 110
430 417
430 2040
430 4153
430 1647
430 1646
430 1355
430 3206
430 1983
430 2767
430 2629
430 2401
430 2629
430 2629
430 1120
430 1498
430 2859
430 2555
430 2044
430 3555
430 761
430 768
430 1092
430 1490
430 1869
430 920
430 1869
430 2569
430 2569
430 3256
430 4184
430 2555
430 4302
430 1689
430 2554
430 2554
430 3
430 3
430 296
430 1019
430 544
430 1824
430 5008
430 1694
430 1493
430 1975
430 376
430 78
430 1436
430 1436
430 559
430 298
430 298
430 1884
430 3431
1366 496
3149 3632
3206 2048
3206 2562
3206 1587
3206 2554
3206 1826
3206 298
3206 1470
3206 1470
3206 3330
3206 430
3206 2963
5167 4858
1127 769
422 1826
422 2566
5185 3288
5107 1215
5107 1221
248 1154
248 4992
248 4992
248 1341
248 298
248 2630
248 2629
3664 762
4099 3981
4721 298
2769 1593
2769 1593
2769 4302
2769 4353
2769 2630
2769 2630
4295 2846
3091 1092
3091 457
3091 3828
3091 1175
3091 4269
3091 262
476 346
476 4839
476 1436
476 388
476 3276
5029 1493
1479 1690
1897 1319
1897 1824
1897 4301
1897 1450
1897 4144
1897 3434
1897 5169
1897 1907
1897 2629
2215 5020
2215 2917
2215 4353
2215 2630
201 1824
201 2630
201 463
2929 2926
1202 531
1202 1695
1202 1695
1202 298
1202 298
764 758
580 3705
580 345
580 768
580 3
580 1216
580 3287
580 2630
580 3279
2617 3197
2617 3606
2617 2605
2617 1665
2617 918
2617 4976
3147 472
5018 2018
2963 1515
2963 2990
2963 1311
2963 3555
2963 688
2963 1497
2963 3206
2963 3791
3150 4393
5052 1522
4455 1447
2172 544
467 346
467 299
3286 212
3286 710
4187 3848
4187 3848
4187 1493
4187 708
3285 1395
3285 3
3285 1094
3285 1485
3285 1485
3285 245
3285 4044
3285 575
3285 575
3285 2771
3285 492
3285 2629
3285 1205
3285 590
2767 483
2767 483
2767 3
2767 3700
2767 1824
2767 376
2767 430
2767 262
2767 3587
2279 4249
496 202
496 2778
496 2912
496 460
496 28
496 348
496 348
496 1826
496 1826
496 1072
496 1493
496 179
496 936
496 4393
496 5178
496 992
496 463
496 2766
496 1967
496 1652
496 495
496 434
496 1366
496 314
496 1084
4472 485
4321 1356
4321 1436
4321 1092
4321 2505
4321 4186
4321 303
2770 189
4785 2582
4990 3631
1853 745
3457 3700
581 1665
581 110
581 110
581 67
581 67
581 87
581 78
581 78
581 87
581 86
581 86
581 117
581 117
202 1470
202 496
1370 3618
1370 78
1370 771
1370 771
1370 110
1370 4121
1370 348
3287 388
3287 1334
3287 1824
3287 580
3287 763
3287 5182
3287 3197
3287 303
3287 2093
1369 262
1369 4003
1369 4158
1369 4960
1248 762
1429 254
1371 17
1371 1665
1371 348
1371 4872
1371 3729
1983 430
1675 2582
5065 3065
2391 1073
4284 373
4284 1665
1205 3285
5088 1436
5088 1436
5043 762
582 78
582 78
582 67
582 67
582 86
582 86
582 87
582 87
582 110
582 110
582 117
582 5187
582 117
1894 4694
1894 2630
2923 2912
2923 1665
2923 2846
2923 348
2923 2568
2923 67
2923 2759
2923 3151
2923 4293
2923 2171
2923 1646
2923 3151
4400 348
2630 1824
2630 1824
2630 1824
2630 642
2630 642
2630 3611
2630 17
2630 3580
2630 2435
2630 1665
2630 460
2630 460
2630 1092
2630 1092
2630 1092
2630 1092
2630 1628
2630 2902
2630 914
2630 914
2630 348
2630 2902
2630 2568
2630 1634
2630 3113
2630 1686
2630 1686
2630 485
2630 1319
2630 1319
2630 4267
2630 1872
2630 4170
2630 4267
2630 3
2630 542
2630 542
2630 1874
2630 580
2630 78
2630 2371
2630 1695
2630 376
2630 376
2630 201
2630 2215
2630 1436
2630 771
2630 437
2630 940
2630 559
2630 1185
2630 298
2630 4022
2630 193
2630 243
2630 191
2630 189
2630 2625
2630 1884
2630 4872
2630 1466
2630 2769
2630 2103
2630 233
2630 1348
2630 110
2630 226
2630 417
2630 417
2630 2769
2630 2766
2630 1355
2630 248
2630 1894
2630 303
2630 303
2630 303
2630 1679
2630 2629
2630 636
2630 2696
2630 636
2930 12
1885 3805
303 17
303 1593
303 17
303 1619
303 1619
303 767
303 335
303 3418
303 3955
303 348
303 1593
303 1593
303 1593
303 1092
303 918
303 27
303 27
303 3921
303 485
303 3412
303 3113
303 972
303 1491
303 458
303 1481
303 542
303 1517
303 1493
303 1824
303 4391
303 855
303 1691
303 4307
303 5049
303 2043
303 2043
303 2143
303 376
303 78
303 771
303 771
303 185
303 189
303 2911
303 2911
303 2579
303 110
303 1078
303 1967
303 2335
303 2335
303 3729
303 3197
303 4321
303 2630
303 3287
303 2630
303 2630
303 2587
303 2587
303 1086
303 587
303 2952
303 2417
3885 298
2237 298
2237 298
2237 4307
2237 3197
5169 4261
5169 1897
5169 510
1372 771
2548 211
2548 1515
2548 211
5155 452
5155 1548
3249 767
3249 2505
3249 762
1948 348
1948 1548
4611 1520
292 1824
292 671
292 296
292 1690
292 713
292 710
292 5094
1543 4255
1543 189
3063 3980
1018 94
5164 2582
1364 306
251 2044
251 31
251 1493
1063 1694
1602 4572
4054 298
4054 3
4054 4256
4054 2549
4167 2169
4167 2120
4323 1092
3284 4194
3284 3856
514 769
4614 1511
4614 1511
4937 542
4937 587
4404 376
4447 3412
4447 5162
4162 2100
4928 4189
4914 4303
4224 296
4224 3113
4224 298
4148 340
1084 346
1084 2688
1084 2582
1084 3606
1084 2582
1084 496
583 1216
583 1645
583 1640
1500 1699
1500 761
1500 2848
1500 4850
1500 4850
1500 3113
1500 3
1500 1493
1500 78
1500 185
1500 710
1500 2688
1500 1764
1500 110
3099 1824
3279 3
3279 580
3279 3433
586 1216
493 482
493 482
493 67
493 67
493 478
493 478
493 78
493 78
493 87
493 86
493 86
493 87
493 488
493 488
493 117
493 110
493 110
493 117
1655 3113
1655 298
5123 298
306 2425
306 2677
306 4152
306 2677
306 1824
306 1436
306 1077
306 1077
306 769
306 2421
306 1460
306 1364
1376 5077
4873 2073
4873 2759
2635 212
2635 1868
2635 492
1014 2754
1014 2677
1014 1572
1014 5166
585 1216
742 739
742 1646
742 2706
742 1497
742 688
2587 303
2587 303
2587 1119
2587 1092
2587 2677
2587 1686
2587 181
2587 771
2587 1495
3092 3166
2698 1119
633 620
3698 2778
3698 849
3698 262
3698 2715
4374 3
1651 3351
1651 1516
1651 93
1651 121
221 2100
221 3
221 3
203 2629
4952 4136
4952 4035
4952 1646
3781 2971
3781 1764
3781 233
3781 233
3781 1764
5084 2949
5084 5083
4415 4041
4415 1494
4415 1494
4415 448
4415 4354
1828 3156
1828 3057
4150 340
3253 472
3253 3925
3253 262
588 480
588 1974
588 1216
588 539
588 691
588 89
588 568
588 726
3993 4957
3993 3
3993 3
3993 1587
3993 376
3993 3434
3993 2629
3993 3992
1906 1967
1907 1897
587 525
587 1092
587 1665
587 3113
587 1494
587 1494
587 4202
587 4919
587 1824
587 1824
587 1695
587 771
587 298
587 121
587 303
587 4937
587 2696
3791 771
3791 3524
3791 2713
3791 2963
1086 924
1086 3269
1086 185
1086 1688
1086 189
1086 4355
1086 303
4161 2100
4161 3107
4161 3107
4161 3989
4859 2554
3635 4302
3635 2751
1679 12
1679 767
1679 1092
1679 3113
1679 215
1679 298
1679 2630
309 242
309 995
4659 4675
3880 2335
3080 907
3080 1511
3080 471
1905 1824
4953 298
3438 771
589 1216
4149 340
3239 3245
3239 5184
128 3618
128 2518
128 1493
128 437
128 298
128 262
128 1484
128 1868
5016 2171
5016 2171
5016 211
5016 211
1790 298
1909 1861
1909 637
1909 1974
1909 920
1909 1695
1909 376
5000 1691
2952 298
2952 298
2952 303
1542 2155
3038 924
3038 346
3038 3618
3038 1027
5124 298
5124 298
5187 3288
5187 582
5011 211
5011 2171
5011 211
5011 2171
5011 298
4956 5175
4956 671
4956 4119
4956 4863
5001 4172
4407 1072
1535 769
745 1853
1820 1824
2719 4303
2719 4354
4209 2763
4209 2552
4339 1162
4339 1493
1208 189
2348 3433
2506 2504
2506 2912
2506 2778
2506 3069
3652 1593
3439 472
3439 1154
3439 2629
3439 2629
3409 185
747 1216
747 3288
1815 5095
1815 4399
2093 3287
3214 2566
3388 2171
3388 2171
2401 570
2401 570
2401 110
2401 1824
2401 1665
2401 1665
2401 1593
2401 348
2401 346
2401 298
2401 78
2401 245
2401 245
2401 3197
2401 430
2401 636
4324 1092
4324 3
2629 1887
2629 768
2629 3175
2629 1486
2629 2628
2629 212
2629 2677
2629 340
2629 3580
2629 4328
2629 1092
2629 4380
2629 1447
2629 1869
2629 485
2629 1869
2629 1319
2629 1319
2629 4847
2629 1323
2629 3
2629 3
2629 504
2629 4159
2629 4170
2629 3696
2629 1826
2629 78
2629 4006
2629 376
2629 1332
2629 1332
2629 1341
2629 298
2629 1343
2629 1343
2629 5111
2629 5087
2629 4872
2629 4983
2629 1466
2629 2582
2629 4311
2629 2582
2629 3434
2629 110
2629 3434
2629 773
2629 4355
2629 5175
2629 1891
2629 4916
2629 3285
2629 492
2629 1897
2629 430
2629 248
2629 430
2629 430
2629 2630
2629 203
2629 3993
2629 3439
2629 3439
2629 1120
2402 1511
2771 3285
439 3673
4326 2555
3288 17
3288 1092
3288 4252
3288 4252
3288 4700
3288 4386
3288 4159
3288 1279
3288 1019
3288 1019
3288 376
3288 5143
3288 5161
3288 5185
3288 3989
3288 5187
3288 747
1660 1824
1660 1824
454 1158
454 117
135 1158
135 1193
5125 298
2989 547
2283 1967
117 489
117 489
117 4135
117 486
117 486
117 484
117 484
117 477
117 477
117 553
117 553
117 552
117 552
117 1497
117 388
117 245
117 245
117 557
117 557
117 573
117 572
117 572
117 1967
117 573
117 576
117 576
117 581
117 581
117 582
117 582
117 493
117 493
117 454
117 483
117 483
117 1511
4026 1493
5126 298
5126 4923
748 1216
3636 1764
5183 2863
5183 2863
3637 1092
3637 936
3637 470
4401 771
4401 771
3061 2778
3440 472
3440 1824
3440 4320
3440 3115
3440 4320
254 1824
254 1429
4325 1092
4325 2917
4056 1348
4056 3
4056 463
2588 3
749 1092
749 3433
749 3433
4287 1334
4287 2605
2865 4705
2865 3959
2865 710
2865 245
2865 1485
2865 1485
2865 400
5128 298
2696 185
2696 245
2696 2630
2696 587
2696 340
2696 675
2696 4717
5109 1215
5109 1221
2428 340
2428 348
2428 771
1210 212
2041 542
2041 3427
314 156
314 1484
314 340
314 472
314 1493
314 3431
314 189
314 4863
314 2549
314 4254
314 496
3587 2550
3587 3586
3587 1092
3587 2767
3587 189
3587 189
3587 189
3587 100
937 1493
1301 2557
3427 1691
3427 346
3427 915
3427 2846
3427 348
3427 1686
3427 2041
4916 3259
4916 3259
4916 2582
4916 2629
2772 4383
5127 298
5127 298
1128 1116
4453 4122
3762 1665
3762 3761
5184 430
5184 3239
149 692
2417 3113
2417 303
3207 710
1211 1593
590 4857
590 3632
590 727
590 3285
590 1119
590 1119
590 1216
590 1485
4262 1319
4262 4228
4262 1436
4262 2909
4262 4643
4262 4261
4428 3744
4261 2936
4261 2936
4261 4550
4261 5169
4261 4320
4261 4262
1910 1926
1393 2453
1393 2453
3119 2677
4402 5110
3441 472
3441 1884
3441 2549
4333 348
4333 348
3118 298
3118 298
3118 233
755 298
4643 4262
4286 1494
4286 569
4286 2171
4286 2171
1120 2882
1120 1436
1120 1436
1120 430
1120 2629
5004 2127
5004 4550
5129 298
4991 1824
5171 2714
3151 2923
3151 2923
636 1511
636 2046
636 1826
636 1642
636 2630
636 262
636 2630
636 2401
4300 452
4300 4298
1025 1665
1025 2555
1025 1522
1025 298
