0 7
0 12
0 13
0 23
0 42
0 59
92 96
69 150
69 154
69 162
207 7
207 12
207 13
207 215
207 16
207 195
207 23
207 42
207 59
207 196
207 198
238 21
238 240
238 241
238 248
5 287
5 293
5 298
399 150
399 154
399 162
409 410
409 411
409 416
409 418
409 419
409 417
409 420
409 424
4 457
4 251
4 209
4 208
4 413
4 410
4 414
4 214
4 212
4 216
4 210
4 257
4 416
4 217
4 192
4 313
4 418
4 417
4 286
4 195
4 463
4 419
4 269
4 462
4 465
4 421
4 270
4 461
4 420
4 221
4 412
4 473
4 225
4 227
4 289
4 234
4 422
4 477
4 230
4 236
4 479
4 294
4 229
4 480
4 237
4 198
4 481
4 196
4 482
127 42
127 484
485 227
485 28
485 44
457 4
457 21
457 34
68 1
799 639
802 13
802 12
802 12
802 7
802 7
802 13
802 23
802 23
802 59
802 59
628 208
836 837
209 4
209 8
209 21
209 194
209 679
209 150
209 273
209 34
209 844
209 162
209 290
209 482
10 195
10 198
10 196
411 409
411 13
411 856
411 198
411 859
893 468
893 474
893 470
905 852
251 154
251 4
251 743
251 8
251 21
251 909
251 194
251 679
251 150
251 273
251 290
251 34
251 844
251 162
251 910
251 43
251 482
743 251
743 257
743 150
743 154
743 162
1041 195
1041 960
1041 621
1041 965
1041 198
1041 196
240 238
240 239
240 244
240 242
240 1062
240 196
240 247
208 4
208 628
208 8
208 21
208 273
208 194
208 679
208 150
208 34
208 844
208 162
208 290
208 482
1149 23
1149 23
1149 7
1149 7
1149 12
1149 12
1149 13
1149 13
1149 44
1149 28
1149 59
1149 59
459 7
459 210
459 13
459 12
459 214
459 216
459 23
459 230
459 59
1175 1000
8 208
8 209
8 251
8 7
8 7
8 13
8 12
8 12
8 13
8 214
8 212
8 210
8 257
8 216
8 217
8 192
8 23
8 23
8 269
8 270
8 221
8 225
8 42
8 286
8 227
8 475
8 289
8 236
8 234
8 230
8 294
8 229
8 59
8 59
8 237
1183 196
1183 195
1183 198
614 513
1198 13
1212 150
1212 154
1212 1214
1212 162
1237 661
1237 729
1237 729
1238 484
1055 16
1055 729
1055 729
254 7
254 12
254 13
254 16
254 195
254 23
254 42
254 42
254 59
254 198
254 196
1279 190
1279 12
1279 7
1279 12
1279 190
1279 13
1279 23
1279 297
1279 59
1279 59
1301 154
88 13
88 195
88 1
410 409
410 4
410 21
410 1318
410 34
410 859
410 957
410 1320
659 468
659 255
659 878
659 675
659 965
659 474
659 470
659 621
659 621
659 960
659 960
659 965
7 1149
7 0
7 207
7 802
7 802
7 8
7 1149
7 459
7 8
7 254
7 1279
7 252
7 250
7 909
7 260
7 258
7 1327
7 267
7 1034
7 195
7 1169
7 1169
7 1035
7 1170
7 1170
7 265
7 1171
7 156
7 688
7 688
7 1172
7 1172
7 276
7 1330
7 1330
7 1331
7 277
7 1331
7 473
7 223
7 1040
7 472
7 1171
7 279
7 224
7 1332
7 284
7 910
7 598
7 598
7 475
7 232
7 231
7 1173
7 1173
7 50
7 288
7 296
7 55
7 198
7 837
7 297
7 196
189 1335
189 1303
189 13
189 423
189 1339
189 232
564 670
564 661
12 296
12 0
12 207
12 802
12 802
12 254
12 1149
12 1149
12 459
12 8
12 8
12 1279
12 1279
12 252
12 250
12 909
12 260
12 1327
12 258
12 1170
12 1034
12 195
12 1170
12 1169
12 267
12 1169
12 1035
12 265
12 156
12 688
12 688
12 1172
12 1172
12 276
12 277
12 1330
12 1330
12 472
12 473
12 1331
12 1331
12 223
12 1040
12 1171
12 1171
12 279
12 224
12 284
12 1332
12 598
12 598
12 910
12 475
12 232
12 231
12 1173
12 1173
12 50
12 288
12 198
12 55
12 297
12 837
12 196
13 0
13 207
13 802
13 802
13 411
13 459
13 1149
13 1149
13 8
13 8
13 1198
13 254
13 1279
13 88
13 189
13 252
13 250
13 909
13 16
13 304
13 16
13 260
13 258
13 217
13 347
13 1034
13 1381
13 195
13 267
13 1169
13 1169
13 1035
13 24
13 667
13 1170
13 1170
13 151
13 265
13 428
13 1180
13 153
13 1120
13 156
13 688
13 688
13 688
13 1172
13 1172
13 1319
13 223
13 1383
13 276
13 615
13 1330
13 1330
13 1191
13 277
13 89
13 1331
13 473
13 1331
13 224
13 1171
13 1385
13 1040
13 1040
13 190
13 472
13 1171
13 279
13 910
13 284
13 1
13 1332
13 1065
13 42
13 598
13 598
13 1390
13 475
13 232
13 231
13 1173
13 1173
13 752
13 50
13 288
13 548
13 1333
13 964
13 1185
13 839
13 619
13 293
13 296
13 55
13 198
13 198
13 1393
13 837
13 297
13 196
1303 189
1303 289
252 7
252 12
252 13
252 16
252 195
252 23
252 59
252 42
252 198
252 196
648 337
648 337
648 965
648 621
648 960
250 7
250 12
250 13
250 16
250 195
250 23
250 42
250 196
250 59
250 198
414 4
414 21
414 34
909 251
909 7
909 12
909 13
909 257
909 195
909 23
909 23
909 59
909 198
909 196
413 4
413 21
413 34
255 404
255 514
255 891
255 659
255 670
255 1112
255 615
212 4
212 8
212 21
212 194
212 679
212 150
212 273
212 34
212 844
212 162
212 290
212 236
212 482
3 42
709 96
526 1424
400 274
400 404
661 564
661 1237
661 96
661 96
661 401
215 207
215 192
215 192
215 17
215 176
215 881
215 1336
215 473
215 1340
215 325
215 329
215 476
1433 42
214 8
214 459
214 4
214 21
214 194
214 679
214 150
214 273
214 34
214 844
214 472
214 162
214 475
214 965
214 290
214 621
214 960
214 482
210 459
210 4
210 8
210 21
210 194
210 679
210 150
210 273
210 34
210 844
210 472
210 475
210 162
210 290
210 960
210 621
210 965
210 482
257 743
257 4
257 8
257 21
257 909
257 194
257 679
257 150
257 273
257 154
257 34
257 844
257 162
257 910
257 290
257 43
257 482
96 92
96 1148
96 1434
96 661
96 709
96 661
96 1435
96 676
96 1281
96 1010
96 1273
96 1038
96 1437
96 1438
96 683
416 409
416 4
416 21
416 1318
416 34
416 859
416 957
416 957
416 1320
444 837
304 13
304 23
17 215
1473 484
1048 195
16 254
16 207
16 1055
16 13
16 13
16 252
16 192
16 260
16 250
16 192
16 195
16 195
16 195
16 267
16 265
16 150
16 154
16 276
16 277
16 279
16 223
16 284
16 1
16 162
16 232
16 231
16 196
16 198
16 288
16 196
16 198
16 297
1476 484
1434 96
216 4
216 8
216 459
216 194
216 21
216 679
216 24
216 150
216 34
216 273
216 844
216 472
216 162
216 475
216 290
216 621
216 960
216 965
216 482
260 7
260 12
260 13
260 16
260 195
260 23
260 42
260 59
260 196
260 198
259 435
258 23
258 42
258 59
258 7
258 12
258 13
1164 1163
217 482
217 4
217 8
217 13
217 21
217 194
217 679
217 844
217 669
217 150
217 273
217 34
217 162
217 290
347 13
249 261
249 266
249 272
249 291
313 21
313 4
313 34
21 237
21 479
21 294
21 480
21 229
21 198
21 481
21 247
21 196
21 482
21 212
21 238
21 457
21 209
21 251
21 208
21 410
21 413
21 414
21 313
21 214
21 210
21 416
21 257
21 216
21 217
21 239
21 192
21 418
21 417
21 244
21 195
21 463
21 270
21 419
21 462
21 269
21 465
21 421
21 461
21 420
21 221
21 412
21 473
21 422
21 42
21 225
21 227
21 242
21 286
21 289
21 234
21 236
21 1062
21 477
21 230
1327 7
1327 12
1327 23
415 468
415 474
415 470
145 623
145 837
1318 420
1318 417
1318 416
1318 418
1318 419
1318 410
1291 1065
858 1
239 241
239 240
239 21
239 248
194 214
194 209
194 251
194 208
194 212
194 210
194 257
194 216
194 217
194 192
194 195
194 269
194 270
194 221
194 225
194 227
194 286
194 289
194 236
194 234
194 230
194 294
194 229
194 237
194 198
194 196
144 446
1034 23
1034 7
1034 12
1034 13
1034 59
192 4
192 8
192 215
192 215
192 16
192 21
192 16
192 194
192 679
192 195
192 195
192 645
192 150
192 273
192 34
192 290
192 844
192 598
192 162
192 283
192 198
192 327
192 639
192 293
192 198
192 837
192 196
192 196
192 482
192 298
192 298
192 298
446 144
446 837
261 249
261 264
261 275
261 274
1446 603
1168 649
1536 283
140 1541
418 409
418 4
418 21
418 1318
418 1320
418 34
418 859
418 957
714 726
417 409
417 4
417 1318
417 21
417 34
417 859
417 957
417 1320
1554 61
603 372
603 766
603 837
603 1446
679 225
679 270
679 209
679 251
679 208
679 212
679 214
679 210
679 257
679 216
679 217
679 269
679 192
679 221
679 289
679 286
679 227
679 234
679 230
679 236
679 229
679 294
679 237
1264 1498
1264 837
1264 837
1264 623
1264 623
266 264
266 249
266 275
266 274
1381 13
195 194
195 4
195 207
195 1183
195 10
195 1041
195 909
195 7
195 254
195 88
195 12
195 13
195 252
195 250
195 16
195 1048
195 16
195 16
195 260
195 21
195 684
195 192
195 192
195 267
195 1280
195 1184
195 265
195 26
195 23
195 39
195 33
195 32
195 34
195 184
195 276
195 277
195 223
195 279
195 1
195 284
195 45
195 1
195 910
195 232
195 288
195 231
195 1563
195 1283
195 1282
195 59
195 297
195 952
195 61
195 952
195 297
195 482
267 23
267 7
267 12
267 13
267 16
267 195
267 42
267 59
267 198
267 196
1435 96
878 659
878 1340
878 1336
878 1038
702 726
1169 7
1169 7
1169 23
1169 12
1169 12
1169 13
1169 13
1169 23
1169 28
1169 44
1169 59
1169 59
244 240
244 21
244 241
244 248
463 4
463 21
463 34
1280 196
1280 195
1280 621
1280 960
1280 965
1280 198
645 192
645 42
645 752
681 42
681 1191
1148 96
434 889
434 24
434 621
669 217
669 488
669 236
24 216
24 13
24 434
24 472
24 1
24 692
667 13
667 662
1035 7
1035 59
1035 12
1035 13
1035 23
419 34
419 409
419 4
419 1318
419 21
419 778
419 859
419 957
419 957
419 1000
419 1320
1170 13
1170 7
1170 7
1170 13
1170 12
1170 12
1170 23
1170 23
1170 28
1170 44
1170 59
1170 59
670 564
670 255
670 150
670 675
670 621
670 621
670 621
670 960
670 965
265 7
265 12
265 13
265 16
265 195
265 23
265 42
265 59
265 198
265 196
264 272
264 261
264 266
264 291
151 13
26 196
26 195
26 198
150 69
150 399
150 209
150 251
150 743
150 208
150 1212
150 212
150 214
150 210
150 257
150 16
150 216
150 217
150 192
150 269
150 670
150 1184
150 221
150 270
150 1610
150 225
150 227
150 286
150 289
150 234
150 490
150 230
150 236
150 639
150 489
150 294
150 1612
150 229
150 237
1281 96
23 224
23 284
23 1332
23 598
23 598
23 1065
23 910
23 475
23 232
23 231
23 1173
23 1173
23 50
23 288
23 692
23 1185
23 296
23 196
23 55
23 837
23 198
23 297
23 0
23 207
23 802
23 802
23 1149
23 1149
23 8
23 459
23 8
23 254
23 1279
23 252
23 250
23 909
23 909
23 1169
23 304
23 260
23 258
23 1169
23 1327
23 1034
23 195
23 267
23 279
23 1035
23 1170
23 1170
23 265
23 501
23 1120
23 153
23 156
23 688
23 688
23 1331
23 1172
23 1172
23 1329
23 1331
23 276
23 1330
23 1330
23 277
23 223
23 1617
23 473
23 473
23 1040
23 190
23 472
23 1171
23 1171
28 615
28 1149
28 485
28 1169
28 1170
28 688
28 1172
28 1171
28 1173
28 181
28 480
647 337
647 337
647 621
647 960
647 965
464 470
464 468
464 474
501 23
462 4
462 21
462 34
269 4
269 8
269 34
269 21
269 194
269 679
269 150
269 273
269 482
269 844
269 162
269 290
269 963
465 729
465 729
465 4
465 21
465 34
1541 140
428 13
153 13
153 23
1120 13
1120 23
675 615
675 470
675 404
675 474
675 621
675 960
675 965
675 482
675 659
675 670
675 468
1180 13
1184 154
1184 195
1184 150
1184 198
1184 162
1184 196
32 195
32 198
32 196
33 195
33 196
33 198
421 4
421 21
421 34
1112 255
1112 658
401 1
401 661
401 729
487 43
1010 96
77 149
273 209
273 208
273 251
273 257
273 212
273 214
273 210
273 216
273 192
273 217
273 269
273 270
273 221
273 225
273 227
273 286
273 289
273 234
273 230
273 236
273 294
273 229
273 237
154 399
154 69
154 251
154 1184
154 743
154 1212
154 257
154 1301
154 16
154 1639
154 1610
154 490
154 639
154 489
154 1612
272 249
272 264
272 275
272 274
270 4
270 8
270 21
270 194
270 679
270 273
270 150
270 34
270 844
270 482
270 162
270 290
1368 1000
123 197
676 96
856 1383
856 411
856 424
461 4
461 21
461 34
461 658
778 419
337 649
337 648
337 648
337 647
337 647
337 1625
337 649
988 621
607 658
1335 189
435 259
420 409
420 4
420 21
420 1318
420 34
420 859
420 957
420 957
420 1320
468 893
468 675
468 659
468 415
468 464
468 1651
468 473
468 621
468 621
468 327
468 960
468 960
468 965
468 965
468 1652
468 889
468 482
156 7
156 12
156 13
156 23
156 42
156 59
800 1
800 639
688 7
688 7
688 12
688 12
688 13
688 13
688 13
688 23
688 23
688 28
688 59
688 1
688 43
688 44
688 59
1625 337
197 123
1273 96
1273 190
176 215
275 261
275 266
275 272
275 291
1172 7
1172 7
1172 12
1172 12
1172 13
1172 13
1172 23
1172 23
1172 28
1172 44
1172 59
1172 59
1319 13
34 209
34 457
34 251
34 208
34 410
34 414
34 413
34 313
34 212
34 214
34 257
34 210
34 416
34 216
34 217
34 269
34 192
34 418
34 417
34 195
34 463
34 419
34 462
34 465
34 421
34 270
34 461
34 420
34 412
34 221
34 473
34 227
34 225
34 1437
34 286
34 289
34 234
34 422
34 477
34 236
34 230
34 479
34 294
34 481
34 480
34 229
34 658
34 198
34 237
34 424
34 196
34 482
662 667
1329 23
588 1
1424 526
1498 1264
1498 617
1498 837
1498 837
221 8
221 4
221 21
221 194
221 679
221 150
221 273
221 34
221 844
221 162
221 290
221 482
276 12
276 7
276 13
276 16
276 195
276 23
276 42
276 59
276 198
276 196
412 4
412 21
412 34
1069 837
1544 229
617 1498
617 623
617 623
617 837
617 837
1330 7
1330 7
1330 12
1330 12
1330 13
1330 13
1330 23
1330 23
1330 59
1330 59
1191 13
1191 681
1191 621
447 234
447 229
184 195
1610 154
1610 150
1610 162
881 215
881 886
1336 215
1336 878
615 13
615 255
615 28
615 675
615 621
615 965
615 960
1383 856
1383 13
277 12
277 7
277 13
277 42
277 16
277 195
277 23
277 59
277 198
277 196
609 598
609 837
89 13
1163 1164
1665 1
1331 13
1331 13
1331 7
1331 7
1331 12
1331 12
1331 23
1331 23
1331 59
1331 59
473 4
473 13
473 7
473 12
473 34
473 23
473 21
473 215
473 23
473 468
473 965
473 898
473 898
473 474
473 470
473 965
473 621
473 621
473 621
473 965
473 960
473 960
473 960
473 59
1617 23
844 214
844 212
844 209
844 208
844 251
844 217
844 210
844 227
844 257
844 216
844 192
844 269
844 270
844 221
844 225
844 286
844 289
844 234
844 294
844 230
844 236
844 229
844 237
223 7
223 12
223 13
223 16
223 23
223 195
223 42
223 490
223 489
223 59
223 198
223 196
223 190
1214 1212
1214 837
93 482
1040 12
1040 23
1040 7
1040 13
1040 13
1040 59
1427 470
149 77
488 669
488 236
1385 13
1385 837
190 1279
190 1279
190 13
190 23
190 223
190 1273
190 548
190 372
472 210
472 7
472 12
472 13
472 214
472 23
472 216
472 24
472 230
472 59
1171 7
1171 7
1171 12
1171 12
1171 13
1171 13
1171 23
1171 23
1171 59
1171 44
1171 28
1171 59
279 13
279 7
279 12
279 16
279 195
279 23
279 42
279 59
279 198
279 196
39 195
39 198
39 196
224 12
224 7
224 13
224 23
224 42
224 59
274 400
274 261
274 266
274 272
274 291
1038 96
1038 878
1038 621
684 195
1271 621
1271 960
1271 965
1657 236
284 7
284 12
284 13
284 16
284 23
284 195
284 42
284 59
284 198
284 196
1671 43
1332 7
1332 59
1332 13
1332 12
1332 1230
1332 23
1045 474
1045 470
1 68
1 88
1 13
1 16
1 858
1 195
1 195
1 688
1 24
1 401
1 800
1 1665
1 588
1 1565
1 1567
1 957
1 1612
1 952
1 1000
45 195
45 198
45 196
225 4
225 8
225 194
225 21
225 679
225 150
225 273
225 34
225 844
225 162
225 290
225 482
1116 158
1651 468
1651 470
1651 474
42 279
42 224
42 44
42 284
42 231
42 232
42 232
42 50
42 283
42 288
42 43
42 296
42 55
42 297
42 223
42 156
42 276
42 277
42 8
42 0
42 207
42 127
42 1433
42 254
42 254
42 13
42 252
42 3
42 250
42 258
42 260
42 267
42 21
42 681
42 645
42 265
726 714
726 702
726 738
1065 13
1065 1291
1065 23
242 240
242 21
242 241
242 248
1524 837
598 7
598 7
598 12
598 12
598 13
598 13
598 192
598 23
598 23
598 609
598 837
727 198
227 4
227 8
227 485
227 273
227 194
227 21
227 679
227 150
227 34
227 844
227 162
227 290
227 43
227 482
44 1149
44 485
44 1169
44 1170
44 688
44 1172
44 1171
44 42
44 1173
44 1675
44 181
44 957
44 480
423 189
1339 189
484 1238
484 127
484 1473
484 1476
1390 13
1390 512
1390 513
1437 96
1437 34
162 214
162 69
162 399
162 209
162 251
162 743
162 208
162 1212
162 212
162 269
162 210
162 216
162 257
162 16
162 217
162 192
162 1184
162 270
162 221
162 1610
162 225
162 227
162 286
162 289
162 234
162 490
162 230
162 236
162 639
162 294
162 1612
162 489
162 229
162 237
1466 298
1466 232
158 1116
910 198
910 196
910 251
910 7
910 257
910 12
910 13
910 195
910 23
910 59
404 255
404 400
404 675
404 405
475 8
475 12
475 7
475 23
475 214
475 13
475 216
475 210
475 230
475 59
1340 215
1340 878
1680 61
898 473
898 473
898 61
474 658
474 960
474 960
474 965
474 965
474 1652
474 889
474 891
474 482
474 327
474 893
474 659
474 415
474 675
474 464
474 1045
474 473
474 1651
474 621
474 621
232 7
232 189
232 12
232 13
232 16
232 195
232 23
232 42
232 42
232 1466
232 59
232 196
232 198
1565 1
231 16
231 7
231 12
231 13
231 195
231 23
231 42
231 490
231 489
231 59
231 198
231 196
1173 7
1173 7
1173 12
1173 12
1173 13
1173 13
1173 28
1173 23
1173 23
1173 44
1173 59
1173 59
729 1237
729 1237
729 1055
729 1055
729 465
729 465
729 401
470 893
470 659
470 415
470 464
470 675
470 1427
470 473
470 1045
470 1651
470 621
470 621
470 327
470 960
470 960
470 658
470 965
470 965
470 1652
470 889
470 482
513 614
513 1390
513 965
513 965
513 512
513 960
513 621
513 621
513 621
513 960
513 960
513 965
286 4
286 8
286 21
286 194
286 679
286 150
286 273
286 34
286 844
286 162
286 290
286 482
859 410
859 411
859 420
859 416
859 419
859 418
859 417
859 424
287 5
283 192
283 1536
283 42
683 96
50 7
50 12
50 13
50 23
50 42
50 59
963 269
1567 1
1508 837
289 4
289 273
289 8
289 34
289 679
289 21
289 1303
289 194
289 150
289 844
289 162
289 290
289 482
512 1390
512 513
512 621
512 960
512 965
1685 234
1685 229
1685 237
288 16
288 7
288 12
288 13
288 195
288 23
288 42
288 59
288 198
288 196
514 255
514 658
234 21
234 4
234 8
234 679
234 194
234 150
234 273
234 34
234 447
234 844
234 162
234 1685
234 290
234 482
290 209
290 251
290 208
290 212
290 214
290 210
290 257
290 217
290 216
290 269
290 192
290 221
290 270
290 286
290 225
290 227
290 289
290 234
290 230
290 236
290 294
290 229
290 237
548 13
548 190
1333 13
422 4
422 21
422 34
1563 195
621 1041
621 659
621 659
621 648
621 214
621 210
621 216
621 1280
621 434
621 670
621 670
621 670
621 647
621 675
621 988
621 468
621 468
621 1191
621 615
621 473
621 473
621 473
621 1271
621 1038
621 1283
621 474
621 474
621 470
621 470
621 513
621 513
621 513
621 512
621 230
621 329
621 1282
621 622
621 649
621 889
621 889
621 891
621 482
621 482
621 482
1062 240
1062 21
1062 241
1062 248
964 13
291 249
291 264
291 275
291 274
1230 1332
490 150
490 223
490 154
490 231
490 162
752 13
752 645
996 43
477 4
477 21
477 34
886 881
230 475
230 162
230 960
230 621
230 290
230 965
230 482
230 8
230 459
230 4
230 844
230 150
230 21
230 194
230 679
230 273
230 34
230 472
738 726
327 192
327 468
327 474
327 470
405 404
1283 621
1283 195
1283 196
1283 965
1283 960
1283 198
236 8
236 4
236 212
236 194
236 21
236 679
236 669
236 150
236 273
236 34
236 844
236 488
236 1657
236 290
236 162
236 482
839 13
1185 13
1185 23
692 24
692 23
1438 96
372 603
372 190
325 215
43 251
43 257
43 487
43 688
43 227
43 1671
43 42
43 996
852 905
329 215
329 621
329 960
329 965
960 1041
960 659
960 659
960 648
960 216
960 210
960 214
960 1280
960 670
960 647
960 675
960 468
960 468
960 615
960 473
960 473
960 473
960 1271
960 474
960 474
960 470
960 470
960 513
960 513
960 513
960 512
960 230
960 1283
960 329
960 1282
960 622
960 649
960 889
960 891
960 482
960 482
960 482
181 28
181 44
479 34
479 4
479 21
639 799
639 154
639 192
639 150
639 800
639 162
1639 154
957 410
957 416
957 416
957 418
957 417
957 419
957 419
957 420
957 420
957 1
957 44
957 1675
957 1000
965 659
965 659
965 1041
965 648
965 214
965 210
965 216
965 1280
965 670
965 647
965 675
965 468
965 468
965 615
965 473
965 473
965 473
965 1271
965 474
965 474
965 470
965 470
965 513
965 513
965 513
965 512
965 230
965 1283
965 329
965 1282
965 891
965 622
965 649
965 889
965 482
965 482
965 482
294 34
294 4
294 8
294 150
294 679
294 21
294 194
294 273
294 844
294 162
294 290
294 482
619 13
619 889
1282 196
1282 195
1282 198
1282 621
1282 960
1282 965
293 5
293 13
293 192
1675 44
1675 957
1612 154
1612 150
1612 1
1612 162
241 238
241 239
241 244
241 1062
241 242
241 196
241 247
248 238
248 239
248 244
248 247
248 242
248 1062
476 215
480 4
480 21
480 28
480 34
480 44
296 7
296 12
296 13
296 23
296 42
296 59
1652 468
1652 474
1652 470
489 150
489 162
489 154
489 223
489 231
766 603
608 837
229 4
229 8
229 21
229 194
229 679
229 150
229 273
229 34
229 1544
229 447
229 844
229 162
229 1685
229 290
229 482
658 1112
658 474
658 461
658 607
658 34
658 514
658 470
658 891
59 1034
59 473
59 802
59 802
59 207
59 0
59 8
59 1149
59 459
59 1149
59 8
59 254
59 1279
59 1279
59 252
59 250
59 909
59 1331
59 260
59 258
59 195
59 267
59 1169
59 1169
59 1035
59 1170
59 1170
59 1331
59 265
59 156
59 688
59 688
59 1172
59 1172
59 1330
59 276
59 1330
59 277
59 1040
59 223
59 472
59 1171
59 1171
59 279
59 224
59 284
59 1332
59 910
59 1173
59 475
59 232
59 1173
59 231
59 50
59 288
59 296
59 55
59 198
59 297
59 196
55 7
55 12
55 13
55 23
55 42
55 59
1320 419
1320 410
1320 417
1320 416
1320 418
1320 420
622 621
622 960
622 965
237 4
237 8
237 21
237 194
237 679
237 150
237 273
237 34
237 844
237 162
237 1685
237 290
237 482
198 61
198 297
198 10
198 4
198 207
198 411
198 252
198 1041
198 1183
198 254
198 7
198 12
198 13
198 13
198 250
198 909
198 16
198 16
198 260
198 1184
198 21
198 194
198 192
198 192
198 267
198 1280
198 265
198 23
198 26
198 231
198 277
198 32
198 33
198 34
198 276
198 279
198 223
198 284
198 39
198 45
198 727
198 910
198 232
198 59
198 288
198 1283
198 482
198 1282
61 1554
61 195
61 1680
61 898
61 196
61 198
424 409
424 34
424 856
424 859
952 195
952 195
952 1
481 4
481 21
481 34
649 960
649 1168
649 337
649 337
649 621
649 965
889 474
889 434
889 468
889 621
889 470
889 621
889 619
889 960
889 965
1393 13
247 240
247 21
247 241
247 248
891 255
891 474
891 621
891 960
891 965
891 658
623 145
623 1264
623 1264
623 617
623 617
837 1264
837 13
837 836
837 12
837 7
837 1264
837 444
837 145
837 446
837 192
837 603
837 598
837 1069
837 23
837 1498
837 1498
837 1524
837 617
837 617
837 609
837 1214
837 1385
837 1508
837 608
297 1279
297 7
297 12
297 13
297 16
297 195
297 195
297 23
297 42
297 59
297 198
297 196
196 909
196 250
196 207
196 10
196 4
196 1041
196 240
196 1183
196 254
196 252
196 7
196 12
196 13
196 241
196 16
196 16
196 192
196 260
196 21
196 192
196 194
196 267
196 1280
196 265
196 26
196 276
196 33
196 1184
196 23
196 32
196 34
196 277
196 223
196 279
196 39
196 284
196 45
196 910
196 231
196 232
196 288
196 1283
196 1282
196 59
196 61
196 482
196 297
1000 1175
1000 419
1000 1368
1000 1
1000 957
482 212
482 208
482 251
482 209
482 4
482 965
482 214
482 236
482 210
482 286
482 474
482 470
482 230
482 289
482 234
482 621
482 621
482 621
482 229
482 960
482 960
482 960
482 965
482 965
482 294
482 237
482 198
482 196
482 227
482 257
482 225
482 216
482 93
482 221
482 21
482 217
482 192
482 195
482 270
482 269
482 675
482 34
482 468
298 5
298 192
298 192
298 192
298 1466
