85 89
102 103
122 123
69 128
69 144
69 145
69 151
86 1
86 197
86 1
199 153
199 143
302 303
302 304
306 307
306 308
306 189
306 153
128 69
431 434
127 308
127 473
600 601
600 88
600 604
600 434
600 434
600 607
600 608
600 184
600 184
600 608
613 623
448 681
579 304
579 688
751 752
802 803
802 803
838 839
209 484
411 857
411 857
908 1
251 484
976 434
1011 89
1011 89
486 752
788 434
788 645
788 153
208 484
1098 1037
1098 1039
1098 1038
1098 839
772 1148
445 1091
445 619
381 645
1160 619
586 903
1174 681
1176 1180
1176 681
1176 153
1176 151
1176 153
1176 153
1176 1182
1176 305
1183 1
1100 261
1100 266
1189 1191
1204 184
1212 1213
705 153
1252 89
1268 1
1268 1
254 1272
254 1273
254 1273
254 608
1288 609
1118 1059
840 1047
840 229
1089 1302
88 600
88 775
88 196
88 434
88 434
88 1304
88 1069
88 1038
88 1307
88 231
88 752
88 231
88 1308
88 1309
869 305
189 1271
189 306
189 1091
189 304
189 665
189 665
189 309
189 1091
189 681
189 151
189 1012
189 153
189 507
189 1039
189 221
189 1286
189 1338
189 1
189 1065
189 1339
189 1341
189 691
189 691
1343 304
1343 1058
1362 13
1362 1364
1362 752
1362 837
1365 671
1365 1366
601 600
601 1091
601 608
1377 1265
13 1362
13 1128
13 1119
13 1047
13 681
13 681
13 434
13 434
13 367
13 688
13 197
13 1273
13 1
13 1389
13 752
13 754
13 623
1394 615
1303 609
1303 466
1303 310
1303 897
1128 1398
1128 623
1128 598
1128 1065
1128 1
1128 615
1128 151
1128 1401
1128 13
1128 144
1128 347
1128 145
1128 145
1128 144
1128 1047
1128 446
1128 1403
1128 1273
1128 363
1128 23
1405 1
213 1038
212 484
1407 1180
1407 153
1422 466
1213 1212
400 434
483 145
1379 606
1379 466
1379 1
1379 1
661 645
661 669
872 1182
872 645
872 304
872 752
215 562
215 232
385 690
18 470
1355 839
214 484
210 484
257 484
96 1436
775 88
135 752
1445 1375
1449 608
1450 1
308 903
308 306
308 127
308 145
308 446
308 434
308 153
143 199
1461 153
304 696
304 302
304 579
304 872
304 189
304 1343
304 1463
304 645
304 151
304 1148
304 1464
304 1
304 609
304 1465
304 456
304 1465
304 1467
1470 1471
1472 623
1472 608
1456 608
16 603
16 434
16 434
16 1474
16 307
146 1
146 1
216 484
259 1
259 609
1272 1
1272 254
217 484
347 1128
347 1399
249 1484
249 434
249 1485
249 1486
1412 645
1489 752
665 189
665 189
665 645
665 1493
665 1424
1289 605
1289 89
309 1091
309 189
309 1
309 1
968 598
1364 1362
1364 1038
1364 1
1364 305
1364 1508
145 69
145 308
145 483
145 1128
145 1128
145 446
145 1091
145 1508
145 681
145 645
145 670
145 434
145 1509
145 184
145 1466
145 690
145 581
145 1508
145 754
145 608
145 608
145 837
1513 151
1253 89
1253 89
1514 1515
1516 153
1291 1065
1291 1065
858 1
858 1519
194 195
194 195
194 198
194 198
194 196
194 196
1375 446
1375 1445
1375 1065
1375 1523
1375 1523
1375 1065
1375 1524
1375 903
1375 692
1375 752
1375 752
1375 1157
1375 1522
1375 1522
1375 623
144 1128
144 1128
144 69
144 1091
144 1525
1034 87
1034 87
1034 1511
192 484
446 372
446 308
446 1128
446 145
446 1375
446 372
446 153
446 206
446 752
446 608
261 1100
261 298
1484 249
1484 752
1484 752
1044 1532
1044 1534
1044 609
1044 1
1535 1286
1535 882
1537 494
1537 305
303 1538
303 302
303 1539
1523 1375
1523 1375
1091 445
1091 189
1091 601
1091 189
1091 309
1091 145
1091 144
1091 687
1091 1273
1091 184
1091 1
1091 903
1091 860
1091 754
1091 608
1091 696
562 215
603 739
603 16
106 1390
1264 1555
186 645
186 645
1403 1128
1119 1047
1119 13
1119 1561
266 1100
266 298
195 194
195 194
195 61
195 61
195 608
1463 304
1566 65
1047 615
1047 1128
1047 840
1047 13
1047 1430
1047 1119
1047 153
1047 153
1047 203
1047 203
1047 860
1047 1567
1047 696
1047 1568
1571 89
1571 1286
1571 1572
364 456
364 752
364 305
219 1038
220 1038
1280 1532
1517 1308
1517 153
365 1532
1555 1264
776 1069
776 609
776 1508
1579 406
1430 1047
645 788
645 381
645 363
645 661
645 872
645 304
645 1412
645 665
645 363
645 186
645 145
645 186
645 681
645 1580
645 434
645 363
645 1581
645 1581
645 1
645 752
645 752
645 752
645 692
645 608
681 189
681 1176
681 1174
681 448
681 13
681 13
681 670
681 145
681 1493
681 645
681 153
681 153
681 1120
681 1180
681 42
681 466
681 1583
681 1273
681 1387
681 752
681 1512
681 1585
681 1586
1148 1562
1148 772
1148 304
1148 153
1148 221
1148 1588
1148 1589
1148 752
1148 1590
268 609
65 1566
65 1591
434 16
434 431
434 600
434 600
434 976
434 788
434 88
434 88
434 400
434 13
434 13
434 308
434 645
434 16
434 249
434 145
434 670
434 218
434 615
434 23
434 23
434 153
434 123
434 197
434 839
434 609
434 1592
434 1271
434 1386
434 1593
434 1251
434 1594
434 1466
434 924
434 232
434 121
434 287
434 1595
434 784
434 752
434 87
434 310
434 1046
434 1597
434 305
857 411
857 411
857 1
1580 645
1580 1
1580 1
1580 1567
669 661
218 434
605 1557
605 1289
605 1598
1493 681
1493 665
1493 466
367 13
367 151
367 1387
1601 1104
1601 1104
1601 752
1036 1037
1037 1036
1037 1098
1037 1038
667 1313
667 184
667 274
667 274
667 608
667 608
1035 87
1035 87
670 681
670 145
670 434
670 153
670 1386
670 1383
671 1365
151 69
151 304
151 1176
151 189
151 1128
151 1513
151 367
151 401
151 153
151 1182
151 190
151 1038
151 752
151 752
151 429
151 692
1058 1343
1058 1
1012 189
1012 1608
1012 1042
1012 943
1012 839
1012 886
1012 839
1012 839
1012 882
1474 16
1613 1592
1608 1012
803 802
803 802
23 752
23 754
23 1128
23 434
23 434
23 688
23 1273
23 1172
1618 1
674 609
269 484
1621 1485
1290 1
1290 1
428 690
363 1128
363 645
363 645
363 645
363 153
363 1592
363 752
1623 1
153 705
153 788
153 199
153 306
153 1176
153 1176
153 1176
153 446
153 189
153 308
153 1407
153 1461
153 1516
153 1517
153 1047
153 1047
153 681
153 434
153 681
153 1148
153 363
153 670
153 151
153 1120
153 402
153 752
153 1598
153 197
153 1592
153 1385
153 1510
153 1271
153 884
153 816
153 752
153 752
153 692
153 608
153 1181
1120 681
1120 153
1120 1180
1120 1466
1120 598
402 153
402 1561
402 1515
402 752
103 102
103 1614
103 1269
103 884
103 1630
494 1537
1180 1407
1180 1176
1180 681
1180 1120
1180 619
1180 752
1180 619
1180 752
1180 752
1614 103
1471 1470
401 151
401 393
492 696
185 183
1464 304
1349 1635
1349 615
369 752
369 1
369 1
1637 1617
1637 1638
1049 615
270 484
123 609
123 434
123 122
123 615
123 456
123 608
1562 1148
1645 1646
607 600
1335 752
1304 305
1304 88
1583 681
1561 1119
1561 402
1561 548
1561 1385
1561 860
1561 548
1269 103
1269 903
1269 429
466 1519
466 1422
466 1303
466 1379
466 1647
466 681
466 1493
466 752
1494 1628
589 536
589 777
1649 1650
558 606
1104 1601
1104 1601
1104 1399
1244 752
1244 752
1313 667
687 1091
687 1286
687 754
687 608
1654 89
688 1
688 579
688 13
688 1387
688 23
688 1273
688 42
688 1
1532 1280
1532 1044
1532 1182
1532 365
1532 1051
1532 609
1532 609
1532 609
197 86
197 13
197 434
197 153
197 754
1655 87
1655 87
1273 254
1273 254
1273 1128
1273 13
1273 681
1273 1091
1273 688
1273 23
1273 615
1273 1524
1273 1
1273 1
1273 1524
1273 903
1273 623
1172 23
1401 1128
1329 615
1329 609
1328 609
1656 1039
1656 1039
588 403
1424 665
777 536
777 589
1265 860
1265 1
1265 1377
1265 621
221 189
221 1148
221 484
1039 1595
1039 1098
1039 189
1039 1656
1039 1656
1039 1657
1039 1038
1039 684
606 1379
606 752
606 558
606 1467
606 372
536 1
536 1
536 589
536 453
536 777
1635 1349
1069 88
1069 776
1069 1
1182 1176
1182 184
1182 151
1182 872
1182 184
1182 184
1182 1532
1182 604
1182 1283
1182 1283
1182 608
1528 89
1286 687
1286 189
1286 1571
1286 1535
604 1182
604 600
1544 372
1544 229
1076 89
1302 1089
393 401
1191 1189
447 1660
184 600
184 600
184 1204
184 145
184 1091
184 1182
184 667
184 1182
184 739
184 1
184 1182
184 739
184 839
184 608
184 608
184 608
615 1602
615 1128
615 1394
615 1047
615 434
615 1049
615 1349
615 1273
615 123
615 1329
615 1466
615 89
615 1663
615 752
615 229
615 623
1588 1148
307 306
307 16
1383 670
278 752
1592 434
1592 153
1592 1613
1592 363
609 1288
609 259
609 1303
609 304
609 1044
609 123
609 434
609 268
609 776
609 674
609 1532
609 1532
609 1532
609 1328
609 1329
609 1333
609 1538
609 1534
609 1038
609 598
609 598
609 1508
609 232
609 232
609 1283
609 1333
609 1283
609 752
609 696
609 839
609 608
89 608
89 608
89 1571
89 85
89 1252
89 1011
89 1011
89 1253
89 1253
89 1289
89 1654
89 1076
89 1528
89 1038
89 615
89 1
89 1664
222 1038
36 1
1589 1148
1510 153
473 127
1617 1637
183 185
183 1524
183 752
183 752
183 696
1647 466
74 403
1666 1667
1040 87
1040 87
1534 1038
1534 1044
1534 609
1534 474
1534 608
157 206
157 206
1366 1365
1386 670
1386 434
1385 1561
1385 153
190 151
190 1668
1387 367
1387 681
1387 752
1387 688
1515 402
1515 1514
897 1303
274 667
274 667
866 696
1575 608
1539 303
1518 1670
203 1047
203 1047
1538 303
1538 609
1038 1000
1038 151
1038 88
1038 1098
1038 1037
1038 213
1038 1364
1038 219
1038 220
1038 1039
1038 222
1038 89
1038 609
1038 1534
1038 233
1038 695
1038 623
1038 999
1581 305
1581 645
1581 645
684 1039
684 1
684 608
1598 153
1598 605
507 189
1271 189
1271 434
1271 153
1271 1
1657 1039
1646 1645
943 1012
1668 190
1 86
1 86
1 259
1 13
1 1183
1 908
1 189
1 1268
1 1268
1 146
1 1405
1 1128
1 146
1 1450
1 1379
1 1379
1 304
1 858
1 1272
1 309
1 309
1 1364
1 1044
1 1580
1 1091
1 857
1 645
1 1618
1 1580
1 1058
1 1290
1 1623
1 1290
1 688
1 369
1 369
1 688
1 1265
1 1273
1 1273
1 36
1 536
1 536
1 1069
1 89
1 184
1 684
1 1271
1 1519
1 598
1 1219
1 1593
1 1398
1 1338
1 903
1 1519
1 575
1 1567
1 752
1 1597
1042 1012
1307 88
225 484
42 688
42 681
1389 13
690 692
690 428
690 145
690 385
1591 65
1672 839
1436 96
1436 1673
1436 752
1673 1436
1399 347
1399 1104
1219 1
1557 605
1557 283
1065 189
1065 1128
1065 1291
1065 1291
1065 1375
1065 1375
1524 1273
1524 1273
1524 1595
1524 183
1524 1375
598 1128
598 968
598 1120
598 609
598 609
598 1
598 621
598 691
1398 1
1398 1128
1251 434
227 484
1611 229
1611 229
1641 1519
1338 189
1338 1
1594 434
1593 434
1593 1
1593 752
1585 681
1465 304
1465 304
1339 189
1546 232
484 208
484 251
484 209
484 227
484 210
484 214
484 212
484 257
484 217
484 216
484 192
484 225
484 221
484 269
484 270
484 230
484 234
484 286
484 289
484 229
484 236
484 294
484 237
1519 466
1519 858
1519 1
1519 903
1519 1
1519 1641
1676 1509
1677 232
1390 106
924 434
593 1508
903 1273
903 586
903 308
903 1375
903 1269
903 1091
903 1
903 1519
903 305
1466 145
1466 1678
1466 434
1466 1120
1466 615
1466 692
1466 754
1466 1157
1466 754
456 364
456 304
456 123
121 434
121 752
121 608
1485 249
1485 1621
1512 681
884 103
884 153
1679 1597
206 446
206 157
206 157
206 752
860 1091
860 1047
860 1265
860 1561
860 403
860 752
860 752
233 1038
1341 189
474 1534
1586 681
1682 608
232 215
232 434
232 609
232 609
232 1677
232 1546
232 696
1670 1518
231 88
231 88
470 18
470 608
286 484
287 434
1595 1524
1595 1039
1595 434
1509 1676
1509 145
1602 615
1683 305
283 1557
1567 1047
1567 1580
1567 1
1567 1684
1508 145
1508 1364
1508 145
1508 776
1508 593
1508 609
289 484
784 434
784 785
816 608
816 153
234 484
548 1561
548 1561
548 752
548 752
403 588
403 74
403 860
1333 609
1333 609
1333 608
1308 88
1308 1517
1308 1686
453 536
1660 447
1559 619
621 1265
621 598
1663 615
785 784
1051 1532
1638 1637
1630 103
1667 1666
752 872
752 751
752 1362
752 486
752 88
752 13
752 1484
752 151
752 135
752 1489
752 1375
752 1375
752 446
752 645
752 1484
752 645
752 364
752 645
752 1148
752 681
752 434
752 1601
752 606
752 153
752 151
752 23
752 363
752 1180
752 402
752 153
752 153
752 1180
752 1180
752 369
752 1335
752 1244
752 466
752 1244
752 206
752 615
752 609
752 278
752 1387
752 183
752 183
752 1436
752 1
752 121
752 1593
752 860
752 860
752 692
752 548
752 548
752 608
752 754
752 1687
752 696
752 696
575 1
886 1012
230 484
1529 623
1529 837
1628 1494
1628 754
282 608
1678 1466
1686 1308
1283 1182
1283 1182
1283 609
1283 609
236 484
1059 1118
839 1672
839 609
839 184
839 1012
839 1012
839 1012
839 838
839 1098
839 434
839 1355
692 1375
692 645
692 153
692 151
692 690
692 1466
692 752
692 1688
1572 1571
1046 434
691 189
691 189
691 598
691 608
754 13
754 197
754 145
754 1091
754 687
754 23
754 1466
754 1466
754 752
754 1628
372 1544
372 446
372 446
372 606
310 1303
310 434
1525 144
1467 606
1467 304
1689 429
1309 88
1309 946
882 1535
882 1012
695 1038
946 1309
1522 1375
1522 1375
294 484
619 445
619 1160
619 1180
619 1180
619 1559
1590 1148
739 603
739 184
739 184
581 145
1597 1679
1597 1
1597 434
1597 766
87 1034
87 1034
87 237
87 1655
87 1035
87 434
87 1035
87 1655
87 1040
87 1040
406 1579
1684 1567
429 151
429 1269
429 1689
766 1597
1486 249
1568 1047
1687 752
608 600
608 600
608 684
608 145
608 601
608 254
608 1456
608 1449
608 1472
608 195
608 145
608 1091
608 446
608 667
608 645
608 667
608 1575
608 1182
608 153
608 687
608 123
608 1534
608 184
608 184
608 184
608 609
608 89
608 89
608 121
608 1682
608 470
608 816
608 282
608 752
608 1333
608 691
608 55
608 55
608 837
229 840
229 1544
229 615
229 1611
229 1611
229 484
999 1038
55 608
55 608
1157 1375
1157 1466
1511 1034
237 484
237 87
198 61
198 61
198 194
198 194
1664 89
61 195
61 195
61 198
61 198
61 196
61 196
1688 692
623 613
623 1128
623 13
623 1472
623 1375
623 1273
623 615
623 1038
623 1529
623 696
623 696
837 1362
837 145
837 1529
837 608
196 88
196 194
196 194
196 61
196 61
305 1176
305 869
305 1364
305 1537
305 364
305 434
305 1304
305 1581
305 903
305 1683
1000 1038
696 232
696 866
696 183
696 609
696 304
696 492
696 1091
696 1047
696 752
696 623
696 752
696 623
1650 1649
298 266
298 261
1181 153
