0 2
0 2
0 7
0 11
0 8
0 7
0 7
0 12
0 12
0 12
0 13
0 13
0 13
0 16
0 16
0 22
0 23
0 23
0 23
0 31
0 31
0 37
0 37
0 42
0 42
0 47
0 59
0 59
0 59
69 150
69 150
69 154
69 154
69 162
69 162
207 2
207 13
207 13
207 11
207 2
207 8
207 11
207 11
207 7
207 7
207 7
207 12
207 12
207 12
207 22
207 13
207 22
207 16
207 22
207 16
207 195
207 195
207 23
207 23
207 23
207 31
207 31
207 37
207 37
207 42
207 42
207 47
207 47
207 47
207 59
207 59
207 59
207 198
207 198
207 196
207 196
238 21
238 21
238 240
238 240
238 241
238 241
238 248
238 248
5 209
5 209
5 251
5 251
5 208
5 208
5 212
5 212
5 214
5 214
5 210
5 210
5 257
5 257
5 216
5 216
5 217
5 217
5 192
5 192
5 269
5 270
5 269
5 270
5 221
5 221
5 225
5 225
5 227
5 227
5 286
5 286
5 283
5 283
5 289
5 289
5 234
5 234
5 290
5 230
5 230
5 229
5 236
5 236
5 294
5 294
5 229
5 295
5 295
5 237
5 237
5 298
399 401
399 401
4 195
4 410
4 457
4 457
4 7
4 410
4 13
4 12
4 7
4 13
4 12
4 413
4 414
4 414
4 413
4 416
4 416
4 313
4 313
4 418
4 418
4 417
4 417
4 461
4 462
4 463
4 195
4 463
4 419
4 419
4 23
4 23
4 421
4 462
4 421
4 465
4 465
4 412
4 461
4 420
4 420
4 412
4 422
4 422
4 477
4 477
4 479
4 479
4 196
4 59
4 59
4 481
4 198
4 198
4 481
4 196
2 254
2 0
2 0
2 207
2 207
2 254
2 252
2 252
2 250
2 250
2 260
2 260
2 258
2 258
2 267
2 267
2 156
2 265
2 265
2 156
2 232
2 277
2 276
2 276
2 277
2 223
2 223
2 232
2 279
2 279
2 224
2 224
2 284
2 284
2 296
2 231
2 231
2 50
2 50
2 296
2 288
2 288
2 297
2 55
2 55
2 297
600 602
600 608
448 683
579 145
579 145
579 687
579 687
457 4
457 4
457 21
457 744
457 744
457 21
457 34
457 34
457 748
457 748
457 750
457 750
628 208
628 208
209 5
209 5
209 194
209 194
209 273
209 675
209 273
209 844
209 844
209 290
209 290
209 482
209 482
10 253
10 253
10 744
10 744
10 271
10 271
10 845
10 845
10 748
10 748
10 852
10 282
10 292
10 292
10 282
10 852
10 750
10 750
10 298
10 298
893 468
893 468
893 468
893 474
893 898
893 898
893 474
893 474
893 470
893 470
893 470
901 902
251 5
251 5
251 909
251 909
251 194
251 194
251 273
251 273
251 675
251 910
251 910
251 844
251 844
251 290
251 290
251 482
251 482
602 600
602 184
1041 195
1041 195
1041 198
1041 621
1041 621
1041 960
1041 960
1041 198
1041 965
1041 965
1041 196
1041 196
486 1046
486 805
240 238
240 238
240 239
240 244
240 239
240 244
240 242
240 242
240 1062
240 1062
240 196
240 247
240 247
240 196
788 965
788 960
788 960
788 621
788 621
788 965
208 628
208 5
208 5
208 628
208 194
208 194
208 273
208 273
208 675
208 844
208 844
208 290
208 290
208 482
208 482
1098 1099
1098 1101
1098 1100
1098 1100
1098 1102
1098 1102
1098 1099
1098 1104
1098 1104
1098 1101
1149 7
1149 7
1149 12
1149 12
1149 23
1149 194
1149 13
1149 13
1149 194
1149 23
1149 59
1149 59
1149 61
1149 61
459 7
459 7
459 12
459 12
459 13
459 13
459 210
459 214
459 214
459 210
459 216
459 216
459 23
459 23
459 59
459 230
459 230
459 59
8 50
8 0
8 207
8 254
8 7
8 250
8 12
8 13
8 252
8 260
8 258
8 267
8 265
8 23
8 156
8 279
8 276
8 277
8 223
8 284
8 224
8 42
8 232
8 231
8 288
8 296
8 59
8 297
8 55
1100 1101
1100 1098
1100 1098
1100 1102
1100 1102
1100 1099
1100 1099
1100 1101
1100 1104
1100 1104
1055 729
1055 729
1070 28
1070 28
1070 44
1070 44
1270 615
254 8
254 2
254 2
254 7
254 11
254 11
254 11
254 7
254 7
254 12
254 12
254 12
254 13
254 13
254 13
254 16
254 16
254 22
254 195
254 22
254 22
254 195
254 23
254 23
254 23
254 31
254 31
254 37
254 37
254 42
254 42
254 47
254 47
254 47
254 59
254 59
254 59
254 198
254 198
254 196
254 196
11 260
11 260
11 0
11 207
11 207
11 207
11 252
11 254
11 254
11 254
11 252
11 252
11 250
11 250
11 250
11 288
11 223
11 267
11 260
11 258
11 265
11 267
11 267
11 265
11 265
11 223
11 276
11 156
11 276
11 276
11 277
11 277
11 277
11 288
11 223
11 279
11 279
11 279
11 284
11 224
11 284
11 284
11 288
11 231
11 232
11 232
11 232
11 231
11 231
11 50
11 296
11 55
11 297
11 297
11 297
1043 1281
1043 1281
1287 615
1287 615
1288 1289
1288 1289
1288 1069
1288 609
1288 1069
1288 609
201 206
201 283
201 283
1301 154
1301 154
88 535
253 32
253 10
253 32
253 10
253 39
253 39
253 45
253 45
410 4
410 4
410 21
410 21
410 34
410 34
410 957
410 957
659 468
659 255
659 255
659 468
659 675
659 675
659 474
659 474
659 470
659 470
659 965
659 621
659 621
659 965
659 960
659 960
659 889
659 891
7 1149
7 1149
7 4
7 0
7 0
7 0
7 207
7 207
7 207
7 4
7 250
7 459
7 459
7 8
7 254
7 254
7 254
7 250
7 252
7 252
7 252
7 909
7 250
7 909
7 260
7 260
7 260
7 968
7 258
7 258
7 258
7 21
7 21
7 267
7 195
7 195
7 267
7 267
7 1169
7 1169
7 1169
7 1170
7 1170
7 1170
7 265
7 265
7 265
7 276
7 156
7 156
7 156
7 688
7 688
7 688
7 34
7 1172
7 1172
7 1172
7 34
7 1328
7 1329
7 1329
7 1328
7 1171
7 276
7 276
7 1330
7 1330
7 277
7 277
7 277
7 1331
7 1331
7 1171
7 223
7 223
7 223
7 472
7 472
7 279
7 279
7 279
7 224
7 224
7 224
7 284
7 284
7 284
7 42
7 910
7 910
7 475
7 475
7 231
7 232
7 232
7 232
7 231
7 231
7 1173
7 1173
7 50
7 50
7 50
7 288
7 288
7 288
7 1333
7 1333
7 296
7 296
7 296
7 55
7 55
7 55
7 297
7 198
7 198
7 297
7 297
7 196
7 196
1150 42
1150 232
1150 739
189 645
189 645
189 1281
189 1281
189 615
189 1221
189 1339
189 1339
1102 1098
1102 1098
1102 1104
1102 1100
1102 1100
1102 1104
1102 1099
1102 1099
1102 229
1102 229
564 468
564 474
564 470
564 621
564 960
564 965
493 499
493 499
493 503
493 503
1362 470
1362 470
12 296
12 296
12 296
12 0
12 0
12 0
12 207
12 207
12 207
12 4
12 4
12 1149
12 1149
12 459
12 459
12 254
12 8
12 254
12 254
12 252
12 252
12 252
12 250
12 250
12 250
12 909
12 909
12 260
12 260
12 260
12 258
12 258
12 258
12 21
12 21
12 267
12 968
12 267
12 195
12 195
12 267
12 1169
12 1169
12 1169
12 1170
12 1170
12 1170
12 688
12 265
12 265
12 265
12 156
12 156
12 156
12 1172
12 688
12 688
12 1172
12 1172
12 34
12 1329
12 34
12 1329
12 1328
12 1328
12 276
12 276
12 276
12 1330
12 1330
12 277
12 277
12 277
12 223
12 1331
12 1331
12 223
12 223
12 472
12 472
12 1171
12 1171
12 279
12 279
12 279
12 284
12 224
12 224
12 224
12 284
12 284
12 42
12 910
12 910
12 475
12 475
12 232
12 232
12 232
12 231
12 231
12 231
12 1173
12 1173
12 50
12 50
12 50
12 288
12 288
12 288
12 1333
12 1333
12 198
12 198
12 55
12 55
12 55
12 297
12 297
12 297
12 196
12 196
1088 1367
1088 1367
1088 1368
1088 1368
1088 205
1088 205
1088 375
1371 308
1371 308
13 8
13 0
13 0
13 0
13 207
13 207
13 207
13 4
13 4
13 1149
13 1149
13 459
13 459
13 254
13 254
13 254
13 252
13 252
13 252
13 250
13 250
13 250
13 909
13 909
13 16
13 16
13 260
13 260
13 260
13 258
13 258
13 258
13 21
13 21
13 968
13 195
13 195
13 267
13 267
13 267
13 1169
13 1169
13 1169
13 276
13 1170
13 1170
13 1170
13 265
13 265
13 265
13 156
13 156
13 156
13 688
13 688
13 688
13 34
13 1172
13 1172
13 1172
13 34
13 1328
13 1329
13 1329
13 1328
13 276
13 276
13 1330
13 1330
13 223
13 277
13 277
13 277
13 223
13 1331
13 1331
13 223
13 1171
13 472
13 472
13 1171
13 224
13 279
13 279
13 279
13 224
13 224
13 284
13 284
13 284
13 910
13 42
13 910
13 475
13 475
13 232
13 232
13 232
13 1173
13 231
13 231
13 231
13 1173
13 288
13 50
13 50
13 50
13 288
13 288
13 1333
13 1333
13 739
13 296
13 296
13 296
13 608
13 55
13 55
13 55
13 198
13 198
13 297
13 297
13 297
13 196
13 196
787 621
787 621
787 965
787 960
787 960
787 965
252 2
252 2
252 11
252 8
252 11
252 11
252 7
252 7
252 7
252 13
252 12
252 12
252 12
252 13
252 13
252 16
252 16
252 22
252 22
252 22
252 195
252 195
252 23
252 23
252 23
252 31
252 31
252 47
252 37
252 37
252 47
252 42
252 42
252 59
252 47
252 59
252 59
252 198
252 198
252 196
252 196
1128 144
250 2
250 2
250 8
250 11
250 11
250 11
250 7
250 7
250 7
250 12
250 12
250 12
250 13
250 13
250 13
250 16
250 16
250 22
250 195
250 22
250 22
250 195
250 23
250 23
250 23
250 31
250 31
250 37
250 37
250 42
250 42
250 47
250 47
250 47
250 59
250 59
250 59
250 196
250 196
250 198
250 198
414 4
414 4
414 744
414 744
414 21
414 21
414 34
414 34
414 748
414 748
414 750
414 750
909 7
909 7
909 251
909 251
909 13
909 12
909 12
909 13
909 257
909 257
909 805
909 195
909 195
909 23
909 23
909 23
909 1046
909 59
909 59
909 198
909 198
909 196
909 196
413 4
413 4
413 744
413 744
413 21
413 21
413 34
413 34
413 748
413 748
413 750
413 750
1406 167
1406 65
1406 157
1178 681
255 891
255 404
255 404
255 891
255 514
255 514
255 837
255 837
255 659
255 659
255 666
255 666
255 670
255 670
255 1112
255 1112
255 615
255 615
212 290
212 5
212 5
212 1412
212 194
212 194
212 669
212 675
212 273
212 273
212 1265
212 844
212 844
212 488
212 1413
212 290
212 236
212 236
212 482
212 482
1415 1416
1415 1416
1407 1417
1407 1306
1407 1306
1407 507
1407 507
1407 1417
400 192
400 192
661 645
661 645
661 645
661 965
661 965
661 621
661 621
661 960
661 960
1429 1368
1429 1368
385 889
1355 1042
71 669
71 669
384 1432
1433 968
1433 968
1433 964
1433 964
214 5
214 5
214 459
214 459
214 194
214 194
214 675
214 273
214 273
214 844
214 844
214 472
214 472
214 290
214 290
214 482
214 482
210 5
210 5
210 459
210 459
210 194
210 194
210 273
210 273
210 675
210 844
210 844
210 472
210 472
210 290
210 290
210 482
210 482
257 5
257 5
257 195
257 909
257 909
257 194
257 194
257 675
257 273
257 273
257 844
257 844
257 910
257 910
257 290
257 290
257 198
257 482
257 196
257 482
1441 1367
1441 1367
416 4
416 4
416 21
416 21
416 34
416 34
416 957
416 957
744 457
744 457
744 10
744 10
744 26
744 414
744 414
744 26
744 413
744 413
744 462
744 462
744 32
744 32
744 33
744 33
744 421
744 421
744 412
744 412
744 39
744 39
744 45
744 45
744 422
744 422
744 479
744 479
875 1007
875 1007
1367 1446
1367 1446
1367 1088
1367 1088
1367 1441
1367 1441
1367 1447
1367 1091
1367 1091
1367 1010
1367 1010
1367 1448
1367 1448
1367 1416
1367 1416
1367 1447
308 1455
308 1371
308 1371
308 1455
308 304
308 304
308 1456
308 1456
308 1454
308 1457
308 1457
308 1454
308 1458
308 1458
308 691
308 691
308 1459
308 1459
308 1460
308 1460
308 754
308 754
304 308
304 308
304 372
304 372
499 493
499 493
499 503
499 503
1456 308
1456 308
16 254
16 207
16 0
16 0
16 207
16 254
16 250
16 13
16 13
16 252
16 252
16 250
16 260
16 260
16 258
16 258
16 37
16 195
16 195
16 267
16 267
16 265
16 265
16 156
16 31
16 156
16 276
16 276
16 223
16 277
16 277
16 223
16 279
16 279
16 288
16 224
16 224
16 284
16 284
16 288
16 231
16 232
16 232
16 231
16 50
16 50
16 296
16 296
16 198
16 55
16 55
16 198
16 297
16 196
16 297
16 196
1477 616
1477 616
982 881
216 5
216 5
216 459
216 459
216 273
216 194
216 194
216 449
216 902
216 273
216 675
216 844
216 844
216 472
216 472
216 42
216 232
216 290
216 290
216 739
216 482
216 482
260 16
260 2
260 2
260 8
260 11
260 11
260 11
260 7
260 7
260 7
260 12
260 12
260 12
260 13
260 13
260 13
260 16
260 22
260 22
260 195
260 22
260 195
260 23
260 23
260 23
260 31
260 31
260 37
260 37
260 42
260 42
260 47
260 47
260 47
260 59
260 59
260 59
260 198
260 196
260 198
260 196
259 669
259 669
258 16
258 1480
258 16
258 22
258 1480
258 23
258 23
258 23
258 31
258 31
258 37
258 37
258 42
258 42
258 47
258 1482
258 1482
258 59
258 59
258 59
258 2
258 2
258 11
258 8
258 7
258 7
258 7
258 12
258 12
258 12
258 13
258 13
258 13
1323 283
449 902
449 216
217 482
217 482
217 5
217 5
217 194
217 194
217 675
217 844
217 273
217 273
217 805
217 805
217 844
217 290
217 290
249 261
249 261
249 266
249 266
249 264
249 264
249 272
249 272
249 275
249 275
249 291
249 291
1487 1416
1487 1416
1487 1091
1487 1091
1488 293
1488 293
1488 293
313 21
313 21
313 4
313 4
313 34
313 34
1412 212
1412 236
21 198
21 479
21 479
21 294
21 294
21 59
21 59
21 247
21 198
21 481
21 481
21 247
21 196
21 196
21 238
21 238
21 457
21 457
21 410
21 410
21 7
21 7
21 12
21 12
21 13
21 13
21 414
21 413
21 414
21 413
21 416
21 416
21 313
21 313
21 239
21 239
21 192
21 418
21 418
21 417
21 417
21 195
21 195
21 244
21 244
21 463
21 463
21 419
21 419
21 23
21 23
21 462
21 462
21 465
21 465
21 421
21 421
21 420
21 461
21 461
21 420
21 412
21 412
21 242
21 242
21 422
21 286
21 286
21 422
21 1062
21 1062
21 477
21 477
1489 1368
1289 1288
1289 1288
309 402
1502 434
415 468
415 468
415 468
415 898
415 898
415 474
415 474
415 474
415 470
415 470
415 470
968 1433
968 1433
968 7
968 12
968 13
968 669
968 669
968 23
968 59
1507 681
503 493
503 493
503 499
503 499
145 579
145 579
145 1069
145 151
145 1069
902 449
902 901
902 216
858 229
858 229
239 21
239 21
239 240
239 240
239 241
239 241
239 248
239 248
194 251
194 214
194 209
194 209
194 251
194 1149
194 214
194 208
194 208
194 1149
194 212
194 212
194 210
194 210
194 257
194 257
194 216
194 216
194 217
194 217
194 192
194 192
194 225
194 269
194 269
194 270
194 270
194 225
194 221
194 221
194 227
194 227
194 286
194 286
194 289
194 289
194 234
194 234
194 236
194 230
194 230
194 236
194 294
194 294
194 237
194 237
194 229
194 229
144 1128
192 400
192 400
192 5
192 5
192 21
192 194
192 194
192 195
192 195
192 151
192 151
192 675
192 273
192 273
192 844
192 844
192 290
192 290
192 290
192 405
192 752
192 752
192 405
192 198
192 639
192 639
192 198
192 298
192 482
192 482
192 196
192 196
192 298
192 298
22 223
22 223
22 207
22 0
22 207
22 207
22 252
22 254
22 254
22 254
22 250
22 252
22 252
22 250
22 250
22 265
22 260
22 260
22 260
22 258
22 265
22 267
22 267
22 267
22 276
22 265
22 156
22 277
22 276
22 276
22 277
22 277
22 288
22 223
22 279
22 279
22 279
22 284
22 224
22 284
22 284
22 288
22 231
22 232
22 232
22 232
22 231
22 231
22 50
22 55
22 288
22 296
22 297
22 297
22 297
446 608
1129 468
1129 474
1129 470
1129 960
1129 965
261 249
261 249
261 264
261 264
261 275
261 275
261 274
261 274
1446 1367
1446 1367
1530 434
1530 615
1480 224
1480 258
1480 258
1480 156
1480 156
1480 224
1091 1367
1091 1367
1091 205
1091 1487
1091 1487
1091 402
1091 205
1091 1368
1091 1368
1091 837
1091 623
418 4
418 4
418 21
418 21
418 34
418 34
418 957
418 957
417 4
417 4
417 21
417 21
417 34
417 34
417 957
417 957
527 1552
527 1552
527 1553
527 1553
1552 527
1552 527
1264 837
1264 623
1264 623
1264 837
148 1040
266 264
266 264
266 249
266 249
266 275
266 275
266 274
266 274
195 192
195 254
195 254
195 4
195 207
195 207
195 4
195 1041
195 1041
195 7
195 7
195 12
195 12
195 909
195 250
195 13
195 13
195 252
195 252
195 909
195 250
195 257
195 16
195 16
195 260
195 260
195 21
195 21
195 267
195 192
195 267
195 1280
195 1280
195 265
195 265
195 23
195 23
195 277
195 34
195 34
195 277
195 276
195 276
195 223
195 223
195 279
195 279
195 231
195 284
195 1271
195 1271
195 284
195 231
195 910
195 910
195 232
195 232
195 288
195 620
195 288
195 1283
195 1283
195 1282
195 1282
195 59
195 59
195 61
195 297
195 297
195 297
195 482
195 482
267 2
267 2
267 11
267 8
267 11
267 11
267 7
267 7
267 7
267 12
267 12
267 12
267 13
267 13
267 13
267 23
267 16
267 16
267 23
267 195
267 195
267 22
267 22
267 22
267 23
267 31
267 31
267 37
267 37
267 47
267 42
267 42
267 47
267 47
267 59
267 59
267 59
267 196
267 196
267 198
267 198
1574 224
1574 224
1169 12
1169 7
1169 7
1169 7
1169 13
1169 12
1169 12
1169 13
1169 13
1169 23
1169 23
1169 23
1169 59
1169 59
1169 61
1169 61
244 240
244 240
244 21
244 21
244 241
244 248
244 241
244 248
463 4
463 4
463 21
463 21
463 34
463 34
463 750
463 750
1455 308
1455 308
1280 196
1280 195
1280 195
1280 621
1280 621
1280 196
1280 965
1280 960
1280 960
1280 965
1280 198
1280 198
645 189
645 189
645 661
645 661
645 661
645 965
645 965
645 621
645 621
645 960
645 960
681 1178
681 1507
681 1286
681 1330
681 1586
1148 221
1148 221
1148 1390
1148 1390
268 669
268 669
65 1406
65 897
65 897
65 896
65 896
65 837
65 900
65 900
434 889
434 889
434 615
434 615
434 615
434 670
434 1530
434 1502
434 667
434 667
434 670
434 670
434 403
434 621
434 960
434 965
668 670
668 615
668 474
1580 1269
1580 77
1580 1436
669 212
669 71
669 259
669 71
669 259
669 968
669 968
669 671
669 268
669 268
669 197
669 805
669 488
669 488
669 964
669 964
669 263
669 263
669 236
669 1046
24 39
1036 1038
667 662
667 434
667 434
667 619
667 662
667 609
667 609
667 619
1099 1104
1099 1104
1099 1100
1099 1098
1099 1098
1099 1102
1099 1100
1099 1102
1099 1101
1099 1101
1099 229
1099 229
419 4
419 4
419 34
419 21
419 21
419 34
419 957
419 957
1170 12
1170 7
1170 7
1170 7
1170 12
1170 12
1170 13
1170 13
1170 13
1170 59
1170 23
1170 23
1170 23
1170 61
1170 59
1170 61
670 621
670 255
670 255
670 434
670 434
670 434
670 668
670 675
670 1573
670 675
670 474
670 1221
670 474
670 474
670 621
670 621
670 621
670 960
670 965
670 960
670 960
670 960
670 965
670 965
670 965
670 619
670 619
670 100
670 658
671 669
671 488
265 11
265 11
265 2
265 2
265 8
265 11
265 7
265 7
265 7
265 12
265 12
265 12
265 13
265 13
265 13
265 16
265 16
265 22
265 22
265 22
265 195
265 195
265 23
265 23
265 23
265 31
265 31
265 37
265 37
265 47
265 42
265 42
265 47
265 47
265 59
265 59
265 59
265 196
265 196
265 198
265 198
264 272
264 272
264 266
264 266
264 249
264 249
264 261
264 261
264 291
264 291
151 145
151 192
151 192
151 100
26 744
26 744
26 845
26 845
26 748
26 748
26 750
26 750
26 852
26 852
150 69
150 69
150 1610
150 1610
150 639
150 639
150 1612
150 1612
1281 189
1281 189
1281 1043
1281 1043
1281 866
1281 866
1615 1417
666 255
666 255
666 675
666 675
23 231
23 231
23 224
23 224
23 224
23 284
23 284
23 284
23 231
23 910
23 42
23 910
23 475
23 475
23 232
23 232
23 232
23 1173
23 1173
23 50
23 50
23 50
23 288
23 288
23 288
23 1333
23 1333
23 296
23 296
23 296
23 55
23 55
23 55
23 196
23 198
23 198
23 196
23 297
23 297
23 297
23 0
23 0
23 0
23 207
23 207
23 207
23 4
23 4
23 1149
23 1149
23 459
23 459
23 8
23 254
23 254
23 254
23 252
23 252
23 252
23 909
23 250
23 250
23 250
23 909
23 909
23 260
23 260
23 260
23 258
23 258
23 258
23 21
23 21
23 968
23 1169
23 195
23 195
23 1169
23 267
23 267
23 267
23 1169
23 279
23 279
23 279
23 1170
23 1170
23 1170
23 265
23 265
23 265
23 156
23 156
23 156
23 688
23 688
23 688
23 34
23 1172
23 1172
23 1172
23 34
23 1329
23 1329
23 1328
23 1328
23 276
23 276
23 276
23 1330
23 1330
23 1331
23 277
23 277
23 277
23 1331
23 223
23 223
23 223
23 472
23 472
23 1171
23 1171
28 1070
28 1070
28 181
28 181
28 480
28 480
464 468
464 468
464 470
464 470
464 474
464 474
462 4
462 4
462 21
462 21
462 744
462 744
462 34
462 34
462 748
462 748
462 750
462 750
269 5
269 5
269 194
269 194
269 675
269 273
269 273
269 844
269 844
269 482
269 290
269 290
269 482
465 900
465 896
465 21
465 4
465 4
465 21
465 896
465 34
465 34
465 897
465 897
465 900
1290 1573
428 472
363 153
153 363
153 1624
153 1624
153 1586
153 1181
675 615
675 615
675 236
675 225
675 227
675 470
675 474
675 404
675 474
675 404
675 470
675 286
675 234
675 289
675 621
675 621
675 230
675 960
675 960
675 965
675 965
675 294
675 229
675 237
675 837
675 837
675 482
675 482
675 659
675 209
675 251
675 208
675 659
675 212
675 214
675 210
675 257
675 221
675 670
675 216
675 217
675 192
675 670
675 666
675 666
675 269
675 270
675 468
675 468
402 1091
402 309
1573 1182
1573 670
1573 1290
1573 1528
1573 1528
32 253
32 253
32 744
32 744
32 748
32 748
32 271
32 271
32 845
32 845
32 1632
32 292
32 292
32 282
32 282
32 852
32 852
32 750
32 750
32 298
32 298
1624 153
1624 153
1624 891
1624 891
33 744
33 744
33 845
33 845
33 748
33 748
33 750
33 750
33 852
33 852
421 4
421 4
421 744
421 744
421 21
421 21
421 34
421 34
421 748
421 748
421 750
421 750
1112 255
1112 255
1112 658
1112 658
401 399
401 399
1010 1367
1010 1367
77 1580
273 209
273 209
273 212
273 251
273 251
273 208
273 208
273 212
273 214
273 214
273 257
273 210
273 210
273 257
273 216
273 216
273 217
273 217
273 192
273 192
273 269
273 269
273 270
273 270
273 221
273 221
273 225
273 225
273 227
273 227
273 286
273 286
273 289
273 289
273 234
273 234
273 230
273 230
273 236
273 236
273 294
273 294
273 229
273 229
273 237
273 237
682 42
682 1
154 69
154 69
154 1301
154 1301
154 1610
154 1610
154 1639
154 1639
154 639
154 639
154 1612
154 1612
1049 1628
1049 294
272 249
272 249
272 264
272 264
272 275
272 275
272 274
272 274
270 5
270 5
270 194
270 194
270 273
270 675
270 273
270 844
270 844
270 290
270 290
270 482
270 482
1368 1088
1368 1088
1368 1429
1368 1429
1368 1091
1368 1489
1368 1091
1368 1448
1368 1416
1368 1640
1368 1416
1368 1448
1368 1641
1368 370
1368 1642
1368 375
1368 1447
1368 1447
461 4
461 21
461 4
461 21
461 34
461 34
461 1062
461 1062
1640 1368
607 658
607 658
271 45
271 32
271 32
271 10
271 10
271 39
271 39
271 45
271 852
271 852
1457 308
1457 308
1269 1580
805 486
805 909
805 217
805 217
805 236
805 488
805 669
420 4
420 4
420 21
420 21
420 34
420 34
420 957
420 957
468 621
468 893
468 893
468 893
468 621
468 659
468 659
468 564
468 415
468 415
468 415
468 675
468 1129
468 675
468 464
468 464
468 31
468 31
468 1651
468 37
468 37
468 1651
468 1651
468 327
468 327
468 327
468 960
468 960
468 965
468 965
468 1143
468 1652
468 1652
468 1652
468 889
468 889
468 482
468 482
1104 1100
1104 1100
1104 1098
1104 1098
1104 1102
1104 1102
1104 1099
1104 1099
1104 1101
1104 1101
31 0
31 0
31 207
31 207
31 16
31 254
31 254
31 252
31 252
31 250
31 250
31 260
31 260
31 258
31 258
31 267
31 267
31 265
31 265
31 156
31 468
31 468
31 156
31 276
31 276
31 277
31 277
31 224
31 223
31 223
31 279
31 279
31 37
31 37
31 224
31 284
31 284
31 42
31 42
31 474
31 474
31 232
31 232
31 231
31 231
31 470
31 733
31 470
31 50
31 50
31 288
31 288
31 739
31 296
31 296
31 55
31 55
31 297
31 297
1416 1415
1416 1415
1416 1487
1416 1367
1416 1367
1416 1487
1416 1368
1416 1368
1416 205
1416 205
687 579
687 579
687 1069
687 1069
156 11
156 2
156 8
156 2
156 7
156 7
156 7
156 12
156 12
156 12
156 13
156 13
156 13
156 16
156 16
156 23
156 22
156 1480
156 1480
156 23
156 23
156 31
156 31
156 37
156 37
156 59
156 42
156 42
156 47
156 59
156 59
156 1482
156 1482
688 7
688 7
688 7
688 12
688 12
688 12
688 13
688 13
688 13
688 23
688 23
688 23
688 59
688 59
688 61
688 61
1121 1122
1121 1122
370 1368
197 669
197 488
1655 87
1655 87
1273 184
176 229
275 249
275 249
275 261
275 261
275 266
275 266
275 272
275 272
275 291
275 291
1172 13
1172 13
1172 7
1172 7
1172 7
1172 13
1172 12
1172 12
1172 12
1172 23
1172 23
1172 23
1172 61
1172 59
1172 61
1172 59
34 13
34 13
34 12
34 12
34 7
34 7
34 457
34 457
34 410
34 410
34 414
34 414
34 413
34 413
34 416
34 416
34 313
34 313
34 417
34 418
34 418
34 417
34 195
34 195
34 463
34 463
34 419
34 419
34 23
34 23
34 462
34 462
34 465
34 465
34 421
34 421
34 461
34 461
34 420
34 420
34 412
34 412
34 1437
34 1437
34 422
34 422
34 1062
34 1062
34 477
34 477
34 479
34 479
34 59
34 59
34 481
34 198
34 198
34 481
34 424
34 424
34 196
34 196
662 667
662 667
1329 7
1329 12
1329 7
1329 12
1329 13
1329 13
1329 23
1329 23
1328 13
1328 12
1328 12
1328 7
1328 7
1328 13
1328 23
1328 23
1265 212
1265 236
1553 527
1553 527
1498 837
1498 837
221 5
221 5
221 194
221 194
221 1148
221 1148
221 675
221 273
221 273
221 844
221 844
221 290
221 290
221 482
221 482
276 2
276 2
276 11
276 11
276 11
276 8
276 12
276 7
276 7
276 7
276 12
276 12
276 13
276 13
276 13
276 16
276 16
276 195
276 22
276 195
276 22
276 22
276 23
276 23
276 23
276 31
276 31
276 37
276 37
276 42
276 42
276 47
276 47
276 47
276 59
276 59
276 59
276 198
276 198
276 196
276 196
1658 1659
1658 1659
1658 540
1658 274
412 4
412 4
412 744
412 744
412 21
412 21
412 34
412 34
412 748
412 748
412 750
412 750
1069 1288
1069 145
1069 1288
1069 145
1069 687
1069 687
1069 1508
1069 593
1069 1508
1182 1573
75 178
75 1163
75 1165
1528 1573
1528 1573
1286 681
617 623
617 623
617 837
617 837
1330 7
1330 7
1330 12
1330 12
1330 13
1330 13
1330 681
1330 23
1330 23
1330 59
1330 59
1556 593
447 683
184 602
184 1273
184 608
1610 154
1610 154
1610 150
1610 150
1610 162
1610 162
1661 1417
881 982
881 1336
881 1336
881 1340
881 1340
1662 1417
1336 881
1336 881
615 1287
615 1287
615 1270
615 434
615 189
615 255
615 255
615 434
615 1530
615 434
615 668
615 675
615 675
615 474
615 474
615 474
615 960
615 621
615 621
615 621
615 621
615 960
615 960
615 960
615 965
615 965
615 965
615 965
615 619
615 619
615 658
615 837
307 472
1659 1658
1659 1658
1659 540
1659 274
277 7
277 2
277 2
277 8
277 11
277 11
277 11
277 7
277 7
277 12
277 12
277 12
277 13
277 13
277 13
277 16
277 16
277 22
277 22
277 22
277 195
277 195
277 31
277 23
277 23
277 23
277 31
277 42
277 42
277 37
277 37
277 47
277 47
277 47
277 196
277 59
277 59
277 59
277 198
277 198
277 196
1592 100
609 1288
609 1288
609 667
609 667
1163 75
535 88
1331 7
1331 7
1331 12
1331 13
1331 12
1331 13
1331 23
1331 23
1331 59
1331 59
473 898
473 898
844 214
844 214
844 212
844 212
844 209
844 209
844 208
844 251
844 251
844 208
844 257
844 257
844 210
844 210
844 217
844 216
844 216
844 217
844 227
844 192
844 192
844 227
844 221
844 269
844 269
844 270
844 270
844 225
844 221
844 225
844 230
844 286
844 286
844 230
844 289
844 289
844 234
844 234
844 236
844 236
844 294
844 294
844 229
844 229
844 237
844 237
1458 308
1458 308
1432 398
1432 384
223 2
223 2
223 8
223 7
223 11
223 11
223 11
223 7
223 7
223 12
223 12
223 12
223 13
223 13
223 13
223 16
223 16
223 195
223 22
223 195
223 22
223 22
223 23
223 23
223 23
223 37
223 37
223 42
223 42
223 47
223 47
223 47
223 59
223 59
223 59
223 198
223 198
223 196
223 196
223 31
223 31
1040 148
157 1406
157 897
157 897
157 896
157 896
157 900
157 900
616 1477
616 1477
488 212
488 669
488 669
488 671
488 805
488 197
488 236
488 1046
1165 75
1165 38
1165 57
1165 51
1165 52
520 845
520 845
520 852
520 852
1413 212
1413 236
1413 236
1306 1407
1306 1407
541 845
541 845
541 852
541 852
159 845
159 845
159 852
159 852
472 210
472 7
472 7
472 210
472 13
472 12
472 12
472 13
472 214
472 214
472 216
472 216
472 23
472 23
472 428
472 307
472 230
472 230
472 59
472 59
1642 1368
1171 12
1171 12
1171 7
1171 7
1171 13
1171 13
1171 23
1171 23
1171 59
1171 59
1171 61
1171 61
279 2
279 2
279 11
279 8
279 11
279 11
279 7
279 7
279 7
279 13
279 12
279 12
279 12
279 13
279 13
279 16
279 16
279 22
279 195
279 22
279 22
279 195
279 31
279 23
279 23
279 23
279 31
279 37
279 37
279 42
279 42
279 47
279 47
279 47
279 196
279 59
279 59
279 196
279 59
279 198
279 198
37 0
37 0
37 207
37 207
37 254
37 254
37 252
37 252
37 250
37 250
37 16
37 260
37 260
37 258
37 258
37 267
37 267
37 265
37 265
37 223
37 223
37 31
37 31
37 468
37 468
37 156
37 156
37 276
37 276
37 277
37 277
37 279
37 279
37 224
37 224
37 284
37 284
37 42
37 42
37 474
37 474
37 232
37 232
37 231
37 231
37 50
37 470
37 733
37 50
37 470
37 288
37 288
37 55
37 739
37 55
37 296
37 296
37 297
37 297
39 253
39 253
39 744
39 744
39 24
39 271
39 271
39 282
39 845
39 282
39 845
39 748
39 748
39 292
39 292
39 852
39 852
39 750
39 750
39 298
39 298
540 1658
540 1659
224 11
224 2
224 2
224 8
224 7
224 12
224 7
224 7
224 12
224 12
224 13
224 13
224 13
224 16
224 16
224 22
224 1480
224 1480
224 1574
224 1574
224 23
224 23
224 23
224 31
224 31
224 37
224 37
224 42
224 42
224 47
224 1669
224 1669
224 1482
224 1482
224 1392
224 1392
224 59
224 59
224 59
897 65
897 65
897 465
897 465
897 157
897 157
897 167
897 167
274 266
274 261
274 261
274 266
274 1659
274 272
274 272
274 1658
274 291
274 291
866 1281
866 1281
203 283
203 283
38 1165
1038 1036
1454 308
1454 308
507 1407
507 1407
1271 196
1271 195
1271 195
1271 1
1271 198
1271 960
1271 621
1271 621
1271 960
1271 198
1271 965
1271 965
1271 196
178 75
284 22
284 2
284 2
284 8
284 11
284 11
284 11
284 7
284 7
284 7
284 12
284 12
284 12
284 13
284 13
284 13
284 16
284 16
284 22
284 22
284 195
284 195
284 23
284 23
284 23
284 31
284 31
284 37
284 47
284 37
284 42
284 42
284 47
284 47
284 232
284 1669
284 1669
284 739
284 198
284 59
284 59
284 59
284 198
284 196
284 196
1045 470
1045 474
1045 470
1045 474
1 682
1 1271
1042 1355
45 253
45 253
45 282
45 744
45 744
45 271
45 271
45 282
45 845
45 845
45 748
45 748
45 292
45 292
45 852
45 852
45 750
45 750
45 298
45 298
225 5
225 5
225 194
225 194
225 675
225 273
225 273
225 844
225 844
225 290
225 290
225 482
225 482
1651 468
1651 468
1651 468
1651 898
1651 898
1651 474
1651 474
1651 474
1651 470
1651 470
1651 470
42 279
42 279
42 37
42 37
42 224
42 224
42 284
42 284
42 50
42 232
42 232
42 231
42 231
42 50
42 288
42 288
42 739
42 296
42 375
42 296
42 55
42 55
42 377
42 297
42 297
42 223
42 156
42 156
42 276
42 276
42 277
42 277
42 223
42 8
42 0
42 0
42 207
42 207
42 254
42 254
42 13
42 7
42 1150
42 12
42 252
42 252
42 250
42 250
42 31
42 265
42 216
42 260
42 260
42 258
42 258
42 267
42 267
42 31
42 265
42 23
42 682
1436 1580
1622 470
1622 470
242 241
242 240
242 240
242 21
242 21
242 248
242 241
242 248
598 621
1674 283
1674 283
1674 295
1674 295
1221 189
1221 670
227 5
227 5
227 194
227 194
227 273
227 273
227 675
227 844
227 844
227 290
227 290
227 482
227 482
1611 891
1611 891
1641 1368
44 1070
44 1070
44 181
44 181
44 480
44 480
205 1447
205 1447
205 1088
205 1088
205 1091
205 1091
205 1416
205 1416
205 1448
205 1448
205 283
205 283
1339 189
1339 189
1390 1148
1390 1148
1437 34
1437 34
162 69
162 69
162 1610
162 1610
162 639
162 639
162 1612
162 1612
593 1069
593 1556
845 26
845 10
845 10
845 26
845 32
845 32
845 33
845 33
845 520
845 520
845 541
845 541
845 159
845 159
845 39
845 39
845 45
845 45
845 552
845 552
896 465
896 65
896 65
896 157
896 465
896 157
896 167
896 167
456 898
456 898
910 198
910 198
910 196
910 196
910 59
910 59
910 12
910 12
910 251
910 251
910 7
910 7
910 13
910 13
910 257
910 257
910 195
910 195
910 23
910 23
404 255
404 255
404 675
404 675
475 12
475 7
475 7
475 12
475 13
475 13
475 23
475 23
475 59
475 59
47 267
47 267
47 258
47 260
47 260
47 260
47 254
47 250
47 0
47 207
47 207
47 207
47 250
47 250
47 254
47 252
47 254
47 252
47 252
47 267
47 265
47 265
47 265
47 277
47 277
47 277
47 276
47 156
47 276
47 276
47 50
47 223
47 223
47 223
47 279
47 279
47 279
47 224
47 232
47 284
47 284
47 284
47 232
47 232
47 231
47 231
47 231
47 297
47 288
47 288
47 288
47 297
47 296
47 55
47 297
1448 293
1448 293
1448 1367
1448 1367
1448 205
1448 1368
1448 1368
1448 205
1340 881
1340 881
792 621
792 621
792 960
792 960
792 965
792 965
748 26
748 457
748 457
748 10
748 10
748 414
748 414
748 413
748 413
748 412
748 26
748 462
748 462
748 412
748 33
748 32
748 32
748 33
748 421
748 421
748 45
748 39
748 39
748 422
748 45
748 422
748 479
748 479
206 201
206 283
206 283
167 897
167 897
167 1406
167 896
167 896
167 900
167 900
763 84
1681 889
51 1165
1632 32
898 893
898 893
898 415
898 415
898 473
898 456
898 473
898 456
898 1651
898 1651
898 1652
898 327
898 327
898 1652
474 960
474 960
474 965
474 965
474 658
474 1652
474 1143
474 658
474 1652
474 1652
474 658
474 891
474 889
474 889
474 889
474 482
474 891
474 482
474 670
474 893
474 893
474 893
474 659
474 659
474 564
474 415
474 415
474 415
474 1129
474 668
474 675
474 670
474 670
474 464
474 675
474 464
474 31
474 31
474 615
474 615
474 615
474 1651
474 1045
474 1045
474 37
474 37
474 1651
474 1651
474 621
474 621
474 327
474 327
474 327
1586 681
1586 153
232 2
232 2
232 8
232 11
232 11
232 11
232 7
232 7
232 7
232 13
232 1150
232 13
232 12
232 12
232 12
232 13
232 22
232 16
232 16
232 22
232 216
232 195
232 22
232 195
232 23
232 23
232 23
232 31
232 31
232 37
232 37
232 284
232 42
232 42
232 47
232 47
232 47
232 739
232 375
232 198
232 198
232 59
232 59
232 59
232 377
232 196
232 196
231 2
231 2
231 8
231 11
231 11
231 11
231 7
231 7
231 7
231 16
231 12
231 12
231 12
231 13
231 13
231 13
231 16
231 22
231 195
231 22
231 22
231 195
231 23
231 23
231 23
231 31
231 31
231 37
231 37
231 42
231 42
231 47
231 47
231 47
231 198
231 59
231 59
231 59
231 196
231 198
231 196
1173 7
1173 7
1173 23
1173 12
1173 12
1173 23
1173 13
1173 13
1173 59
1173 59
1173 61
1173 61
729 1055
729 1055
733 31
733 37
470 893
470 893
470 893
470 659
470 659
470 564
470 1362
470 1362
470 415
470 415
470 415
470 1129
470 464
470 464
470 675
470 675
470 1045
470 31
470 31
470 37
470 37
470 1651
470 1045
470 1651
470 1651
470 1622
470 1622
470 621
470 621
470 327
470 327
470 327
470 960
470 960
470 889
470 965
470 965
470 1143
470 889
470 658
470 1652
470 1652
470 1652
470 658
470 482
470 482
286 5
286 5
286 273
286 273
286 21
286 21
286 194
286 194
286 675
286 290
286 844
286 844
286 290
286 1628
286 482
286 482
620 195
283 5
283 5
283 201
283 201
283 1323
283 62
283 203
283 203
283 1674
283 1674
283 205
283 205
283 202
283 206
283 206
283 202
683 448
683 447
52 1165
50 11
50 2
50 2
50 8
50 22
50 13
50 7
50 7
50 7
50 13
50 12
50 12
50 12
50 13
50 16
50 16
50 23
50 23
50 23
50 31
50 31
50 37
50 37
50 42
50 42
50 47
50 59
50 59
50 59
1508 1069
1508 1069
289 5
289 5
289 273
289 273
289 194
289 194
289 675
289 844
289 844
289 290
289 290
289 482
289 482
288 16
288 16
288 2
288 2
288 7
288 7
288 11
288 8
288 11
288 11
288 7
288 12
288 12
288 12
288 13
288 13
288 13
288 22
288 22
288 22
288 195
288 195
288 23
288 23
288 23
288 31
288 31
288 37
288 37
288 42
288 42
288 47
288 47
288 47
288 59
288 59
288 59
288 196
288 196
288 198
288 198
514 255
514 255
514 658
514 658
234 5
234 5
234 273
234 194
234 194
234 675
234 844
234 273
234 844
234 482
234 290
234 290
234 482
1101 1104
1101 1100
1101 1100
1101 1098
1101 1098
1101 1099
1101 1099
1101 1104
290 5
290 209
290 209
290 251
290 251
290 208
290 208
290 212
290 212
290 214
290 214
290 210
290 210
290 257
290 257
290 294
290 216
290 216
290 217
290 217
290 192
290 192
290 192
290 269
290 269
290 221
290 270
290 270
290 221
290 225
290 225
290 286
290 227
290 227
290 286
290 294
290 289
290 289
290 234
290 234
290 230
290 230
290 236
290 236
290 293
290 229
290 229
290 237
290 237
290 298
403 434
1333 7
1333 7
1333 13
1333 12
1333 12
1333 13
1333 23
1333 23
422 4
422 4
422 744
422 744
422 21
422 21
422 34
422 34
422 748
422 748
422 750
422 750
621 787
621 1041
621 1041
621 787
621 788
621 788
621 659
621 659
621 564
621 661
621 661
621 1280
621 1280
621 645
621 645
621 670
621 434
621 670
621 670
621 670
621 675
621 675
621 468
621 468
621 615
621 615
621 615
621 615
621 1271
621 1271
621 598
621 470
621 792
621 792
621 470
621 474
621 474
621 1283
621 1283
621 889
621 518
621 518
621 619
621 1282
621 1282
621 794
621 794
621 295
621 295
621 889
621 891
621 891
621 482
621 482
1062 241
1062 241
1062 34
1062 34
1062 461
1062 461
1062 240
1062 240
1062 21
1062 21
1062 248
1062 248
1007 875
1007 875
964 1433
964 1433
964 669
964 669
292 32
292 32
292 10
292 10
292 45
292 45
292 39
292 39
291 249
291 249
291 264
291 264
291 274
291 275
291 274
291 275
752 192
752 192
477 4
477 4
477 21
477 21
477 34
477 34
230 290
230 290
230 482
230 482
230 5
230 5
230 459
230 459
230 194
230 194
230 844
230 675
230 273
230 273
230 844
230 472
230 472
1628 286
1628 1049
202 283
202 283
1669 224
1669 224
1669 284
1669 284
282 32
282 10
282 32
282 10
282 45
282 45
282 39
282 39
263 669
263 669
1122 1121
1122 1121
327 468
327 468
327 468
327 474
327 898
327 898
327 474
327 474
327 470
327 470
327 470
405 192
405 192
1283 195
1283 195
1283 621
1283 621
1283 960
1283 960
1283 965
1283 965
1283 196
1283 198
1283 198
1283 196
236 5
236 5
236 212
236 212
236 1412
236 194
236 194
236 669
236 675
236 273
236 273
236 805
236 1265
236 844
236 844
236 488
236 1413
236 1413
236 290
236 290
236 482
236 482
398 1432
1046 909
1046 486
1046 669
1046 488
691 308
691 308
1459 308
1459 308
1460 308
1460 308
754 308
754 308
372 304
372 304
1482 156
1482 258
1482 156
1482 258
1482 224
1482 224
852 10
852 10
852 26
852 26
852 520
852 32
852 32
852 520
852 33
852 33
852 271
852 271
852 541
852 541
852 159
852 159
852 39
852 39
852 45
852 45
518 621
518 621
960 1041
960 1041
960 788
960 788
960 659
960 659
960 564
960 787
960 787
960 661
960 661
960 1129
960 645
960 1280
960 1280
960 645
960 434
960 670
960 670
960 670
960 670
960 675
960 675
960 468
960 468
960 615
960 615
960 615
960 615
960 1271
960 1271
960 792
960 792
960 474
960 474
960 470
960 470
960 1283
960 1283
960 1282
960 1282
960 889
960 889
960 891
960 891
960 482
960 482
181 28
181 28
181 44
181 44
1392 224
1392 224
479 34
479 4
479 4
479 21
479 34
479 744
479 744
479 21
479 748
479 748
750 39
750 457
750 26
750 414
750 10
750 457
750 414
750 10
750 26
750 413
750 413
750 463
750 463
750 462
750 462
750 32
750 32
750 33
750 33
750 421
750 421
750 412
750 412
750 39
750 45
750 45
750 422
750 422
639 192
639 192
639 154
639 150
639 154
639 150
639 162
639 162
1639 154
1639 154
84 763
957 419
957 410
957 410
957 419
957 416
957 416
957 418
957 418
957 417
957 417
957 420
957 420
965 1129
965 1041
965 1041
965 788
965 788
965 659
965 659
965 564
965 787
965 787
965 661
965 661
965 1280
965 1280
965 645
965 645
965 434
965 670
965 670
965 670
965 670
965 675
965 675
965 468
965 468
965 615
965 615
965 615
965 615
965 1271
965 1271
965 792
965 792
965 474
965 474
965 470
965 470
965 1283
965 1283
965 1282
965 1282
965 891
965 891
965 889
965 889
965 482
965 482
294 5
294 5
294 21
294 21
294 194
294 194
294 675
294 1049
294 273
294 273
294 844
294 844
294 290
294 290
294 482
294 482
619 667
619 667
619 670
619 670
619 615
619 615
619 621
619 889
619 889
1282 196
1282 196
1282 195
1282 621
1282 621
1282 195
1282 965
1282 960
1282 960
1282 198
1282 965
1282 198
739 1150
739 13
739 216
739 284
739 31
739 37
739 42
739 232
293 1488
293 1488
293 1488
293 1448
293 1448
293 290
1417 1407
1417 1407
1417 1615
1417 1662
1417 1661
794 621
794 621
375 1088
375 1368
375 42
375 232
1143 468
1143 474
1143 470
1612 150
1612 150
1612 154
1612 154
1612 162
1612 162
87 1655
87 1655
241 238
241 238
241 239
241 239
241 244
241 244
241 1062
241 242
241 242
241 1062
241 247
241 247
241 196
241 196
248 239
248 238
248 238
248 242
248 244
248 239
248 242
248 244
248 1062
248 1062
248 247
248 247
295 5
295 5
295 1674
295 1674
295 621
295 621
480 28
480 28
480 44
480 44
296 7
296 2
296 2
296 7
296 8
296 7
296 11
296 12
296 12
296 12
296 13
296 13
296 13
296 16
296 16
296 22
296 37
296 23
296 23
296 23
296 31
296 31
296 37
296 42
296 42
296 47
296 59
296 59
296 59
1652 898
1652 898
1652 468
1652 468
1652 468
1652 474
1652 474
1652 474
1652 470
1652 470
1652 470
57 1165
608 600
608 13
608 446
608 184
229 5
229 5
229 1102
229 1102
229 194
229 194
229 858
229 858
229 1099
229 1099
229 675
229 273
229 273
229 176
229 844
229 844
229 290
229 290
229 482
229 482
658 670
658 1112
658 1112
658 607
658 607
658 615
658 474
658 474
658 474
658 514
658 470
658 470
658 514
658 891
658 891
552 845
552 845
59 0
59 0
59 0
59 207
59 207
59 207
59 4
59 4
59 8
59 1149
59 1149
59 459
59 459
59 254
59 254
59 254
59 252
59 252
59 252
59 909
59 250
59 909
59 250
59 250
59 260
59 260
59 260
59 258
59 258
59 258
59 267
59 21
59 21
59 968
59 267
59 195
59 195
59 267
59 1169
59 1169
59 1170
59 1170
59 265
59 265
59 265
59 156
59 156
59 156
59 688
59 688
59 1331
59 34
59 1172
59 1172
59 34
59 1331
59 276
59 276
59 276
59 1330
59 1330
59 277
59 277
59 277
59 223
59 223
59 223
59 472
59 472
59 1171
59 1171
59 279
59 279
59 279
59 224
59 224
59 224
59 284
59 284
59 284
59 475
59 475
59 910
59 910
59 231
59 231
59 232
59 232
59 232
59 231
59 1173
59 1173
59 50
59 50
59 50
59 288
59 288
59 288
59 55
59 297
59 296
59 296
59 296
59 55
59 55
59 198
59 198
59 297
59 297
59 196
59 196
55 13
55 13
55 2
55 2
55 11
55 8
55 13
55 7
55 7
55 7
55 12
55 12
55 12
55 16
55 22
55 16
55 23
55 23
55 23
55 31
55 31
55 37
55 37
55 42
55 42
55 47
55 59
55 59
55 59
237 5
237 5
237 194
237 194
237 675
237 273
237 273
237 844
237 844
237 482
237 290
237 290
237 482
198 297
198 297
198 297
198 61
198 482
198 223
198 250
198 288
198 250
198 4
198 207
198 207
198 4
198 7
198 1041
198 1041
198 7
198 254
198 254
198 252
198 12
198 12
198 252
198 13
198 13
198 288
198 223
198 21
198 257
198 909
198 909
198 21
198 16
198 16
198 260
198 260
198 1280
198 192
198 192
198 267
198 267
198 1280
198 265
198 265
198 23
198 23
198 277
198 34
198 34
198 276
198 276
198 277
198 279
198 279
198 231
198 1271
198 284
198 1271
198 284
198 231
198 910
198 910
198 232
198 232
198 59
198 1283
198 1282
198 59
198 1283
198 1282
198 482
1447 1367
1447 1367
1447 205
1447 1368
1447 1368
1447 205
377 42
377 232
100 151
100 670
100 1592
61 1149
61 1149
61 195
61 1169
61 1169
61 1170
61 1170
61 688
61 688
61 1172
61 1172
61 1171
61 1171
61 1173
61 1173
61 198
61 196
424 34
424 34
481 4
481 4
481 21
481 21
481 34
481 34
889 474
889 474
889 474
889 659
889 385
889 434
889 434
889 468
889 468
889 1681
889 470
889 470
889 621
889 621
889 960
889 960
889 619
889 965
889 965
889 619
247 21
247 240
247 21
247 240
247 241
247 241
247 248
247 248
891 659
891 255
891 255
891 1624
891 1624
891 1611
891 1611
891 474
891 474
891 621
891 621
891 960
891 960
891 965
891 965
891 658
891 658
623 1264
623 1091
623 1264
623 617
623 617
837 255
837 255
837 1264
837 1091
837 1264
837 65
837 675
837 675
837 1498
837 1498
837 617
837 617
837 615
900 167
900 167
900 157
900 157
900 465
900 465
900 65
900 65
297 2
297 2
297 8
297 7
297 11
297 11
297 11
297 7
297 7
297 12
297 12
297 12
297 13
297 13
297 13
297 16
297 16
297 23
297 22
297 22
297 22
297 195
297 195
297 195
297 23
297 23
297 31
297 31
297 37
297 37
297 42
297 42
297 47
297 47
297 47
297 59
297 59
297 59
297 198
297 198
297 198
297 196
297 196
297 196
196 909
196 909
196 250
196 207
196 207
196 250
196 7
196 1041
196 4
196 4
196 1041
196 7
196 240
196 240
196 254
196 254
196 252
196 12
196 12
196 252
196 13
196 13
196 257
196 16
196 277
196 260
196 16
196 267
196 260
196 21
196 21
196 192
196 192
196 277
196 23
196 265
196 267
196 1280
196 1280
196 23
196 265
196 276
196 34
196 276
196 34
196 241
196 223
196 223
196 279
196 279
196 1271
196 1271
196 284
196 284
196 241
196 288
196 910
196 910
196 232
196 232
196 231
196 231
196 288
196 1283
196 1283
196 1282
196 1282
196 59
196 59
196 61
196 297
196 297
196 297
196 482
196 482
62 283
482 214
482 208
482 208
482 212
482 212
482 251
482 251
482 209
482 209
482 965
482 965
482 214
482 236
482 210
482 210
482 236
482 257
482 474
482 474
482 286
482 470
482 286
482 470
482 289
482 289
482 234
482 234
482 230
482 621
482 621
482 230
482 960
482 960
482 229
482 294
482 229
482 294
482 196
482 237
482 237
482 198
482 198
482 196
482 257
482 216
482 216
482 227
482 227
482 217
482 225
482 217
482 225
482 192
482 221
482 221
482 269
482 195
482 192
482 269
482 195
482 675
482 675
482 270
482 270
482 468
482 468
298 5
298 10
298 10
298 192
298 192
298 192
298 32
298 32
298 45
298 45
298 39
298 39
298 290
1181 153
