0 4
0 6
0 6
0 3
0 8
0 9
0 2
0 9
0 8
0 11
0 7
0 7
0 3
0 12
0 12
0 13
0 13
0 15
0 21
0 22
0 20
0 20
0 24
0 15
0 23
0 23
0 1
0 31
0 31
0 34
0 30
0 35
0 35
0 1
0 29
0 29
0 37
0 37
0 38
0 38
0 42
0 42
0 46
0 49
0 47
0 50
0 51
0 51
0 52
0 52
0 43
0 53
0 50
0 53
0 43
0 57
0 57
0 59
0 59
0 55
0 55
0 60
0 60
0 63
0 63
0 62
0 62
64 66
64 66
64 67
64 5
64 69
64 69
64 5
64 70
64 70
64 67
64 68
64 68
64 71
64 71
64 65
64 72
64 72
64 65
64 73
64 73
64 76
64 77
64 77
64 76
64 75
64 75
64 79
64 79
64 78
64 78
64 81
64 40
64 40
64 80
64 83
64 81
64 80
64 83
64 84
64 84
102 107
102 107
119 121
69 124
69 65
69 64
69 64
69 5
69 5
69 70
69 70
69 131
69 68
69 132
69 68
69 133
69 133
69 130
69 130
69 135
69 136
69 137
69 138
69 139
69 141
69 142
69 141
69 147
69 66
69 66
69 148
69 148
69 73
69 65
69 73
69 77
69 152
69 152
69 77
69 76
69 76
69 75
69 75
69 78
69 78
69 157
69 157
69 160
69 81
69 81
69 164
69 164
69 84
69 83
69 83
69 84
69 170
69 168
69 168
69 172
69 173
69 174
175 107
175 107
177 178
177 179
177 141
177 141
177 178
177 179
177 180
177 180
86 191
86 193
207 2
207 4
207 208
207 9
207 9
207 209
207 11
207 8
207 208
207 8
207 13
207 7
207 7
207 13
207 12
207 12
207 3
207 3
207 213
207 210
207 214
207 210
207 214
207 216
207 216
207 22
207 21
207 35
207 219
207 220
207 24
207 23
207 23
207 35
207 14
207 31
207 31
207 34
207 30
207 222
207 221
207 37
207 29
207 29
207 37
207 38
207 38
207 225
207 42
207 42
207 226
207 228
207 46
207 49
207 229
207 230
207 47
207 232
207 51
207 51
207 233
207 52
207 52
207 234
207 230
207 43
207 43
207 235
207 57
207 57
207 59
207 59
207 237
207 63
207 63
5 249
5 249
5 142
5 251
5 132
5 64
5 64
5 69
5 69
5 70
5 70
5 209
5 68
5 68
5 209
5 131
5 251
5 208
5 208
5 253
5 253
5 136
5 137
5 214
5 255
5 255
5 212
5 212
5 256
5 256
5 139
5 138
5 214
5 210
5 210
5 257
5 257
5 135
5 96
5 217
5 216
5 216
5 217
5 261
5 261
5 192
5 192
5 66
5 66
5 147
5 266
5 266
5 65
5 65
5 73
5 73
5 269
5 269
5 264
5 264
5 170
5 77
5 77
5 272
5 272
5 270
5 270
5 271
5 271
5 76
5 76
5 275
5 275
5 75
5 221
5 221
5 75
5 78
5 78
5 160
5 274
5 274
5 227
5 40
5 283
5 40
5 227
5 225
5 225
5 285
5 81
5 81
5 286
5 286
5 83
5 289
5 289
5 83
5 234
5 234
5 292
5 292
5 291
5 291
5 282
5 230
5 230
5 282
5 236
5 236
5 181
5 181
5 124
5 84
5 84
5 294
5 294
5 293
5 293
5 295
5 172
5 229
5 58
5 58
5 229
5 173
5 237
5 237
5 298
5 174
5 298
6 1
6 0
6 315
6 20
6 20
6 15
6 15
6 315
6 38
6 38
6 52
6 51
6 1
6 52
6 51
6 50
6 50
6 53
6 53
6 60
6 57
6 57
6 55
6 55
6 62
6 60
6 62
6 0
331 25
331 332
331 332
331 71
331 71
331 15
331 15
331 62
331 25
331 268
331 268
331 62
331 333
331 333
331 334
331 334
112 342
112 343
112 344
112 347
112 349
128 350
128 351
128 351
128 65
128 65
128 157
128 352
128 350
128 157
128 352
128 167
128 167
378 379
378 379
378 380
378 380
378 382
378 382
378 385
378 385
378 383
378 386
378 383
378 386
378 389
378 389
378 388
378 388
378 393
378 393
378 394
378 394
378 397
378 397
409 7
409 410
409 413
409 13
409 12
409 7
409 13
409 12
409 413
409 414
409 414
409 23
409 23
409 421
409 421
409 412
409 412
409 422
409 422
409 59
409 59
431 268
431 259
431 435
431 263
70 64
70 64
70 447
70 5
70 69
70 69
70 5
70 68
70 448
70 68
70 216
70 449
70 66
70 66
70 65
70 65
70 73
70 73
70 76
70 77
70 77
70 76
70 75
70 75
70 81
70 78
70 78
70 84
70 83
70 81
70 84
70 83
450 258
450 156
450 224
4 195
4 207
4 0
4 251
4 209
4 208
4 240
4 240
4 459
4 254
4 252
4 7
4 12
4 13
4 250
4 260
4 212
4 214
4 400
4 400
4 257
4 210
4 216
4 258
4 217
4 192
4 267
4 265
4 23
4 269
4 273
4 273
4 270
4 286
4 468
4 469
4 31
4 221
4 156
4 276
4 470
4 279
4 277
4 472
4 223
4 231
4 37
4 225
4 224
4 284
4 232
4 227
4 42
4 474
4 475
4 405
4 50
4 289
4 288
4 234
4 405
4 478
4 230
4 294
4 236
4 476
4 241
4 241
4 476
4 172
4 198
4 480
4 229
4 296
4 59
4 55
4 237
4 196
4 297
485 28
485 44
491 495
491 495
491 380
491 380
491 498
491 493
491 493
491 255
491 255
491 497
491 497
491 499
491 499
491 503
491 503
491 502
491 502
491 388
491 388
491 504
491 504
491 505
491 508
491 508
491 507
491 507
491 511
491 511
491 505
491 506
491 506
491 513
491 513
491 512
491 512
491 514
491 514
491 515
491 440
491 516
491 516
491 517
491 518
491 440
519 522
519 522
519 524
519 525
519 526
519 526
519 525
519 524
519 527
519 527
519 523
519 528
519 528
519 523
519 26
519 26
519 521
519 530
519 33
519 33
519 530
519 531
519 531
519 529
519 532
519 532
519 529
519 533
519 533
519 521
519 535
519 536
519 536
519 535
519 534
519 534
519 538
519 183
519 183
519 538
519 537
519 537
519 520
519 520
519 540
519 541
519 541
519 540
519 159
519 159
519 543
519 543
519 542
519 544
519 544
519 542
519 545
519 545
519 539
519 546
519 546
519 539
519 547
519 548
519 549
519 549
519 548
519 550
519 550
519 547
519 551
519 551
519 552
519 552
561 562
561 563
561 564
561 480
561 565
561 565
561 568
561 567
561 567
561 569
561 469
561 570
561 566
561 480
561 566
561 571
561 571
561 478
561 570
561 572
561 573
561 478
561 575
561 574
561 574
561 576
561 576
578 121
578 579
578 580
582 583
582 583
582 584
582 585
582 585
582 586
582 586
582 584
582 26
582 26
582 33
582 33
582 588
582 589
582 589
582 588
582 587
582 587
582 590
582 592
582 590
582 520
582 520
582 591
582 541
582 541
582 159
582 159
582 591
582 593
582 594
582 594
582 593
582 592
582 595
582 595
582 552
582 597
582 597
582 552
582 596
582 596
2 231
2 254
2 0
2 207
2 276
2 258
2 250
2 252
2 260
2 267
2 265
2 156
2 279
2 277
2 223
2 224
2 232
2 284
2 50
2 288
2 296
2 55
2 297
9 0
9 0
9 207
9 207
9 258
9 254
9 254
9 252
9 252
9 250
9 250
9 260
9 260
9 276
9 267
9 258
9 267
9 276
9 265
9 265
9 156
9 156
9 277
9 277
9 288
9 223
9 223
9 279
9 279
9 224
9 224
9 288
9 284
9 284
9 232
9 232
9 231
9 231
9 50
9 50
9 296
9 296
9 55
9 55
9 297
9 297
613 154
613 154
613 150
613 150
613 162
613 162
613 318
613 321
613 618
613 620
613 620
613 61
613 297
613 297
627 310
631 579
631 580
631 121
632 224
632 258
632 156
633 580
633 579
635 394
635 380
635 380
635 382
635 382
635 379
635 379
635 385
635 385
635 386
635 386
635 383
635 383
635 389
635 389
635 388
635 388
635 393
635 393
635 397
635 394
635 397
612 636
612 636
612 638
612 638
612 640
654 383
654 383
654 380
654 380
654 382
654 382
654 379
654 379
654 385
654 385
654 386
654 386
654 389
654 389
654 388
654 388
654 393
654 393
654 394
654 394
654 397
654 397
132 658
132 59
132 69
132 5
132 659
132 240
132 255
132 661
132 215
132 662
132 434
132 21
132 645
132 665
132 415
132 197
132 666
132 667
132 668
132 669
132 179
132 670
132 671
132 674
132 675
132 676
132 488
132 615
132 180
132 178
132 290
132 474
132 241
132 298
448 70
448 680
448 447
448 447
579 379
579 631
579 578
579 633
579 380
579 380
579 379
579 382
579 382
579 383
579 385
579 385
579 304
579 383
579 386
579 386
579 388
579 389
579 389
579 388
579 685
579 689
579 393
579 393
579 394
579 394
579 691
579 634
579 693
579 581
579 397
579 397
699 700
699 700
699 702
699 701
699 704
699 703
699 705
699 704
699 703
699 705
699 706
699 708
699 708
699 707
699 707
699 706
699 95
699 95
699 714
699 714
699 713
699 713
699 701
699 702
699 179
699 179
699 717
699 717
699 718
699 718
699 721
699 721
699 722
699 722
699 715
699 178
699 715
699 178
699 724
699 724
699 726
699 726
699 728
699 728
699 731
699 731
699 730
699 730
699 734
699 733
699 733
699 732
699 180
699 734
699 732
699 180
699 736
699 736
699 735
699 735
699 738
699 738
699 737
699 737
699 739
699 651
699 651
699 740
699 740
699 741
699 739
699 741
457 742
457 414
457 414
457 742
457 413
457 413
457 421
457 421
457 243
457 412
457 412
457 747
457 422
457 422
68 64
68 64
68 5
68 69
68 69
68 5
68 70
68 70
68 757
68 757
68 758
68 758
68 759
68 756
68 756
68 258
68 258
68 755
68 67
68 759
68 755
68 67
68 760
68 760
68 20
68 20
68 140
68 140
68 66
68 66
68 25
68 25
68 316
68 316
68 65
68 65
68 73
68 73
68 77
68 319
68 319
68 77
68 76
68 76
68 156
68 156
68 761
68 761
68 78
68 75
68 75
68 79
68 79
68 224
68 762
68 78
68 224
68 762
68 161
68 161
68 81
68 81
68 765
68 765
68 763
68 763
68 334
68 334
68 165
68 83
68 83
68 165
68 768
68 768
68 767
68 767
68 84
68 84
68 55
68 55
770 526
770 526
770 10
770 10
770 772
770 772
770 774
770 774
770 773
770 775
770 775
770 773
770 776
770 776
770 26
770 26
770 771
770 778
770 33
770 33
770 778
770 777
770 777
770 771
770 780
770 780
770 779
770 779
770 781
770 781
770 552
770 520
770 520
770 541
770 541
770 159
770 159
770 545
770 540
770 540
770 545
770 552
770 548
770 782
770 783
770 783
770 782
770 784
770 784
770 548
770 785
770 785
770 786
770 786
495 517
495 491
495 491
495 380
495 380
495 788
495 788
495 493
495 493
495 483
495 787
495 787
495 498
495 498
495 483
495 255
495 255
495 497
495 497
495 661
495 661
495 499
495 499
495 141
495 141
495 503
495 503
495 645
495 502
495 502
495 790
495 790
495 317
495 388
495 645
495 317
495 388
495 607
495 791
495 607
495 508
495 508
495 762
495 762
495 507
495 507
495 514
495 506
495 506
495 792
495 792
495 514
495 513
495 513
495 512
495 512
495 793
495 793
495 515
495 515
495 505
495 505
495 516
495 516
495 295
495 440
495 518
495 517
495 440
495 518
495 295
495 794
495 794
495 61
495 796
495 797
495 796
495 61
799 639
799 639
801 52
801 52
801 38
801 38
801 51
801 51
801 57
801 57
806 364
806 807
806 808
806 809
209 12
209 12
209 5
209 207
209 5
209 4
209 8
209 254
209 840
209 840
209 7
209 7
209 841
209 841
209 23
209 250
209 13
209 13
209 252
209 260
209 21
209 267
209 842
209 842
209 179
209 265
209 150
209 150
209 23
209 273
209 273
209 34
209 277
209 276
209 278
209 278
209 223
209 279
209 93
209 93
209 162
209 284
209 162
209 232
209 231
209 288
209 290
209 290
209 180
209 59
209 59
209 297
10 748
10 748
10 782
10 770
10 770
10 772
10 772
10 526
10 526
10 774
10 774
10 775
10 775
10 744
10 744
10 773
10 773
10 23
10 776
10 776
10 26
10 26
10 778
10 33
10 33
10 778
10 782
10 777
10 777
10 780
10 780
10 779
10 779
10 781
10 781
10 771
10 771
10 520
10 520
10 541
10 541
10 159
10 159
10 540
10 540
10 845
10 845
10 545
10 545
10 783
10 783
10 784
10 784
10 548
10 548
10 785
10 785
10 852
10 786
10 786
10 852
10 750
10 750
10 552
10 552
865 871
865 873
865 875
865 878
865 761
865 761
865 881
865 886
865 888
704 721
704 699
704 699
704 705
704 705
704 703
704 703
704 714
704 714
704 702
704 702
704 717
704 717
704 721
704 722
704 722
704 701
704 701
704 726
704 726
704 730
704 724
704 724
704 728
704 728
704 732
704 734
704 730
704 732
704 734
704 735
704 736
704 736
704 651
704 737
704 735
704 651
704 737
704 741
704 741
893 255
893 255
893 470
893 668
893 147
893 664
893 668
893 179
893 468
893 468
893 470
893 178
893 474
893 474
893 180
893 658
893 658
893 174
251 34
251 154
251 150
251 154
251 5
251 5
251 840
251 4
251 840
251 8
251 150
251 7
251 7
251 841
251 841
251 12
251 12
251 13
251 13
251 21
251 842
251 842
251 23
251 23
251 273
251 273
251 93
251 93
251 278
251 278
251 162
251 162
251 290
251 290
251 43
251 43
251 59
251 59
911 707
911 707
911 912
911 912
911 380
911 382
911 380
911 382
911 493
911 493
911 379
911 379
911 915
911 915
911 460
911 460
911 916
911 916
911 917
911 917
911 918
911 914
911 914
911 499
911 499
911 503
911 386
911 918
911 503
911 386
911 913
911 383
911 383
911 389
911 389
911 351
911 351
911 65
911 65
911 913
911 388
911 388
911 568
911 568
911 920
911 920
911 569
911 569
911 394
911 394
911 921
911 921
911 927
911 927
911 924
911 924
911 928
911 928
911 575
911 575
911 930
911 930
911 397
911 397
380 915
380 657
380 915
380 378
380 491
380 491
380 378
380 635
380 635
380 654
380 654
380 579
380 579
380 495
380 495
380 382
380 911
380 911
380 931
380 931
380 379
380 493
380 382
380 379
380 493
380 912
380 912
380 707
380 707
380 255
380 255
380 932
380 932
380 499
380 460
380 460
380 497
380 497
380 916
380 916
380 385
380 385
380 499
380 917
380 917
380 934
380 934
380 933
380 933
380 914
380 914
380 65
380 918
380 918
380 386
380 386
380 503
380 503
380 383
380 383
380 65
380 502
380 502
380 874
380 874
380 389
380 389
380 351
380 351
380 508
380 935
380 388
380 388
380 317
380 317
380 935
380 568
380 568
380 920
380 920
380 936
380 936
380 913
380 913
380 394
380 569
380 393
380 508
380 569
380 393
380 937
380 938
380 394
380 937
380 938
380 843
380 843
380 921
380 921
380 657
380 940
380 940
380 941
380 941
380 939
380 939
380 942
380 942
380 943
380 943
380 924
380 927
380 924
380 927
380 928
380 928
380 506
380 506
380 513
380 513
380 944
380 944
380 512
380 512
380 575
380 575
380 374
380 374
380 945
380 945
380 947
380 516
380 516
380 692
380 692
380 947
380 948
380 948
380 929
380 946
380 946
380 930
380 930
380 929
380 950
380 950
380 440
380 440
380 397
380 397
380 951
380 951
380 952
380 952
602 871
131 5
131 69
131 659
131 240
131 788
131 255
131 787
131 215
131 661
131 21
131 665
131 960
131 670
131 434
131 645
131 667
131 668
131 669
131 675
131 671
131 674
131 179
131 666
131 197
131 676
131 662
131 615
131 488
131 178
131 290
131 792
131 474
131 180
131 621
131 518
131 295
131 965
131 241
131 794
131 59
131 658
131 298
743 150
743 154
743 162
967 38
967 38
967 51
967 51
967 52
967 52
967 57
967 57
133 69
133 69
133 757
133 757
133 130
133 130
133 970
133 970
133 179
133 761
133 761
133 762
133 762
133 180
133 972
133 972
133 168
133 168
976 886
976 886
976 480
976 480
958 136
978 73
978 73
978 987
978 987
978 979
978 979
978 994
978 994
312 1006
312 1006
312 987
312 987
312 474
312 470
312 1007
312 476
312 476
931 569
931 569
931 382
931 380
931 380
931 915
931 379
931 382
931 915
931 379
931 460
931 460
931 916
931 916
931 385
931 385
931 917
931 917
931 1013
931 386
931 386
931 383
931 383
931 351
931 389
931 351
931 389
931 317
931 388
931 388
931 317
931 568
931 568
931 919
931 350
931 350
931 913
931 913
931 467
931 467
931 352
931 393
931 393
931 352
931 1020
931 1020
931 394
931 394
931 938
931 938
931 921
931 921
931 927
931 1024
931 1024
931 943
931 943
931 1023
931 1023
931 1025
931 1025
931 928
931 1026
931 927
931 928
931 1026
931 575
931 575
931 949
931 929
931 929
931 397
931 397
931 1032
931 1032
931 952
931 952
1033 12
1033 23
1041 621
1041 195
1041 960
1041 965
1041 198
1041 196
486 1046
486 669
486 669
486 805
486 488
486 488
486 236
486 236
240 298
240 131
240 132
240 4
240 4
240 13
240 314
240 314
240 137
240 136
240 13
240 1056
240 1056
240 875
240 138
240 139
240 135
240 875
240 1006
240 1006
240 142
240 21
240 21
240 147
240 565
240 565
240 34
240 34
240 298
240 1060
240 1061
240 1061
240 1
240 1060
240 160
240 566
240 566
240 571
240 571
240 470
240 42
240 232
240 1059
240 290
240 290
240 1059
240 1007
240 170
240 1063
240 124
240 1063
240 574
240 574
240 241
240 241
240 172
240 476
240 476
240 173
240 1064
240 1064
240 174
240 196
788 495
788 495
788 131
788 136
788 790
788 790
788 124
208 297
208 840
208 840
208 207
208 207
208 5
208 5
208 4
208 8
208 254
208 254
208 841
208 7
208 7
208 841
208 12
208 12
208 13
208 13
208 252
208 252
208 250
208 250
208 21
208 260
208 260
208 258
208 258
208 265
208 267
208 265
208 267
208 842
208 842
208 23
208 150
208 150
208 23
208 273
208 273
208 276
208 156
208 156
208 276
208 34
208 278
208 277
208 277
208 278
208 224
208 223
208 223
208 224
208 93
208 93
208 279
208 279
208 162
208 284
208 284
208 162
208 231
208 232
208 231
208 232
208 288
208 288
208 290
208 290
208 59
208 310
208 59
208 310
208 297
757 133
757 133
757 68
757 68
757 15
757 15
757 759
757 130
757 130
757 759
757 20
757 20
757 25
757 25
757 179
757 179
757 508
757 76
757 508
757 76
757 178
757 178
757 180
757 180
757 168
757 168
1075 364
1075 694
1075 1076
1075 1077
1098 1100
1098 1099
1098 1102
1098 1100
1098 1102
1098 1099
1098 13
1098 1101
1098 1103
1098 1103
1098 1104
1098 1104
1098 1101
1098 447
1098 447
1098 232
1098 1105
1098 1105
1107 557
1107 555
1107 1108
1107 1108
1107 1110
1107 1110
1107 91
1107 91
789 740
458 467
458 467
458 917
458 460
458 917
458 460
458 913
458 913
1123 1124
1123 1124
1123 480
1123 1125
1123 255
1123 1125
1123 1127
1123 1127
1123 564
1123 1129
1123 255
1123 1071
1123 139
1123 1071
1123 1130
1123 1130
1123 1131
1123 664
1123 1131
1123 675
1123 464
1123 464
1123 675
1123 1132
1123 1134
1123 1134
1123 1135
1123 1135
1123 1133
1123 1133
1123 1132
1123 1137
1123 1137
1123 1136
1123 1136
1123 1138
1123 181
1123 1140
1123 158
1123 158
1123 1140
1123 287
1123 287
1123 181
1123 1141
1123 1139
1123 1139
1123 1141
1123 1142
1123 1142
1123 1126
1123 1126
1123 1143
1123 480
1123 658
1123 658
1123 1144
1123 837
1123 623
1123 623
1123 837
1123 1144
1123 1145
1123 1145
344 112
772 26
772 770
772 770
772 10
772 10
772 526
772 526
772 774
772 774
772 773
772 775
772 775
772 773
772 776
772 776
772 545
772 33
772 26
772 33
772 778
772 778
772 781
772 777
772 777
772 780
772 780
772 781
772 779
772 779
772 545
772 541
772 771
772 771
772 520
772 520
772 159
772 541
772 159
772 540
772 540
772 552
772 782
772 783
772 783
772 782
772 784
772 784
772 785
772 548
772 548
772 785
772 786
772 786
772 552
1149 7
1149 7
1149 12
1149 12
1149 13
1149 13
1149 65
1149 65
1149 23
1149 23
1149 157
1149 157
1149 167
1149 167
1149 639
1149 639
1149 59
1149 59
445 1151
445 661
445 645
445 1051
445 1155
381 30
381 30
381 224
381 1157
381 1157
459 4
459 230
459 214
459 210
459 216
522 526
522 533
522 526
522 519
522 519
522 533
522 523
522 525
522 525
522 524
522 527
522 527
522 524
522 528
522 528
522 26
522 26
522 33
522 32
522 523
522 32
522 33
522 531
522 531
522 532
522 530
522 530
522 532
522 540
522 536
522 529
522 529
522 536
522 535
522 535
522 537
522 183
522 534
522 534
522 183
522 537
522 538
522 538
522 540
522 521
522 521
522 520
522 520
522 541
522 541
522 159
522 159
522 539
522 45
522 544
522 543
522 543
522 45
522 544
522 542
522 542
522 545
522 545
522 546
522 546
522 552
522 539
522 549
522 549
522 550
522 548
522 548
522 550
522 552
522 551
522 547
522 547
522 551
586 582
586 582
586 33
586 26
586 585
586 585
586 33
586 26
586 591
586 584
586 588
586 589
586 589
586 588
586 587
586 587
586 584
586 583
586 583
586 590
586 590
586 591
586 159
586 520
586 520
586 541
586 541
586 159
586 594
586 594
586 593
586 593
586 595
586 592
586 592
586 595
586 597
586 597
586 552
586 552
586 596
586 596
8 50
8 209
8 0
8 0
8 207
8 207
8 50
8 265
8 12
8 251
8 208
8 254
8 254
8 7
8 7
8 12
8 13
8 13
8 250
8 252
8 252
8 250
8 265
8 212
8 212
8 214
8 216
8 210
8 257
8 260
8 260
8 258
8 258
8 217
8 217
8 192
8 267
8 267
8 221
8 23
8 23
8 269
8 270
8 156
8 156
8 276
8 276
8 277
8 277
8 279
8 223
8 223
8 279
8 224
8 224
8 284
8 284
8 225
8 42
8 42
8 232
8 227
8 227
8 286
8 232
8 231
8 231
8 289
8 288
8 288
8 621
8 234
8 236
8 230
8 236
8 294
8 960
8 965
8 296
8 296
8 59
8 229
8 59
8 55
8 55
8 297
8 237
8 297
1100 1103
1100 1098
1100 1102
1100 1098
1100 1102
1100 7
1100 1103
1100 13
1100 12
1100 1099
1100 1099
1100 23
1100 1104
1100 1104
1100 447
1100 447
1100 1101
1100 475
1100 475
1100 1101
1100 232
1100 1105
1100 1105
614 894
614 894
614 1192
614 1192
614 501
614 501
614 1193
614 1193
614 867
614 867
614 513
614 513
614 512
614 512
614 622
614 622
130 761
130 69
130 69
130 133
130 133
130 757
130 757
130 970
130 970
130 972
130 761
130 762
130 762
130 972
130 168
130 168
970 133
970 133
970 168
970 761
970 130
970 130
970 972
970 761
970 972
970 168
1212 150
1212 154
1212 162
1215 1077
1215 1076
1215 364
1215 694
705 706
705 706
705 699
705 699
705 704
705 704
705 708
705 708
705 707
705 707
705 702
705 95
705 95
705 702
705 1129
705 1129
705 714
705 714
705 713
705 713
705 179
705 179
705 718
705 718
705 1227
705 721
705 721
705 178
705 178
705 1229
705 715
705 715
705 701
705 701
705 700
705 700
705 726
705 726
705 1229
705 724
705 724
705 731
705 731
705 730
705 730
705 180
705 180
705 735
705 735
705 651
705 738
705 738
705 737
705 737
705 741
705 740
705 651
705 741
705 740
1236 55
1237 729
1238 1242
1238 1244
1238 179
1238 1247
1238 180
703 714
703 699
703 699
703 704
703 704
703 717
703 702
703 714
703 717
703 702
703 721
703 721
703 722
703 722
703 733
703 726
703 726
703 724
703 724
703 728
703 728
703 730
703 730
703 732
703 734
703 733
703 732
703 734
703 736
703 736
703 735
703 735
703 737
703 737
703 651
703 651
703 739
703 739
703 741
703 741
382 635
382 635
382 378
382 378
382 911
382 654
382 654
382 579
382 579
382 931
382 380
382 911
382 931
382 380
382 493
382 493
382 379
382 379
382 460
382 912
382 912
382 707
382 707
382 932
382 932
382 915
382 915
382 385
382 916
382 460
382 385
382 916
382 917
382 917
382 934
382 934
382 386
382 933
382 933
382 914
382 914
382 386
382 499
382 499
382 918
382 918
382 503
382 503
382 383
382 383
382 874
382 874
382 1254
382 1254
382 568
382 389
382 389
382 351
382 351
382 568
382 65
382 65
382 388
382 388
382 935
382 935
382 920
382 920
382 936
382 936
382 657
382 921
382 913
382 913
382 393
382 393
382 569
382 569
382 394
382 394
382 938
382 938
382 937
382 937
382 843
382 843
382 657
382 921
382 940
382 940
382 941
382 941
382 939
382 939
382 575
382 942
382 942
382 943
382 943
382 575
382 927
382 1255
382 1255
382 1256
382 1256
382 927
382 1023
382 1023
382 924
382 924
382 928
382 928
382 944
382 944
382 374
382 374
382 945
382 945
382 692
382 692
382 947
382 947
382 948
382 948
382 946
382 946
382 930
382 930
382 950
382 950
382 397
382 397
382 951
382 951
382 952
382 952
314 240
314 240
314 1056
314 1056
314 1006
314 875
314 875
314 1006
314 565
314 21
314 21
314 1061
314 565
314 1061
314 571
314 1060
314 1060
314 571
314 566
314 566
314 470
314 1007
314 1063
314 1063
314 574
314 574
314 241
314 241
314 476
314 476
314 1064
314 1064
358 984
1055 145
1055 145
1055 623
1055 623
254 8
254 2
254 4
254 9
254 9
254 8
254 209
254 208
254 208
254 210
254 11
254 7
254 7
254 12
254 12
254 13
254 13
254 3
254 3
254 214
254 214
254 21
254 210
254 216
254 216
254 22
254 194
254 24
254 605
254 23
254 23
254 221
254 682
254 31
254 31
254 34
254 30
254 35
254 35
254 29
254 29
254 38
254 37
254 37
254 38
254 49
254 225
254 46
254 42
254 42
254 47
254 51
254 51
254 52
254 52
254 234
254 230
254 230
254 43
254 43
254 57
254 57
254 229
254 59
254 59
254 237
254 63
254 63
11 296
11 254
11 0
11 207
11 260
11 252
11 250
11 258
11 267
11 265
11 156
11 276
11 223
11 277
11 279
11 224
11 284
11 232
11 231
11 288
11 50
11 297
11 55
708 95
708 95
708 699
708 699
708 705
708 705
708 707
708 707
708 1013
708 706
708 706
708 1227
708 713
708 919
708 713
708 718
708 718
708 351
708 351
708 179
708 179
708 721
708 721
708 722
708 722
708 178
708 701
708 715
708 178
708 715
708 724
708 700
708 701
708 724
708 700
708 735
708 731
708 731
708 1229
708 1229
708 735
708 180
708 180
708 1278
708 651
708 738
708 738
708 740
708 651
708 740
1279 7
1279 7
1279 12
1279 12
1279 13
1279 13
1279 190
1279 23
1279 23
1279 30
1279 30
1279 896
1279 59
1279 896
1279 59
557 1107
557 1108
557 1284
557 560
557 1110
557 91
1285 258
1285 156
1285 224
1297 149
840 304
840 251
840 416
840 209
840 209
840 251
840 841
840 208
840 208
840 841
840 212
840 212
840 214
840 214
840 210
840 210
840 257
840 257
840 216
840 216
840 217
840 217
840 192
840 192
840 66
840 66
840 842
840 842
840 269
840 269
840 487
840 487
840 270
840 270
840 234
840 221
840 221
840 278
840 278
840 225
840 225
840 234
840 227
840 227
840 286
840 286
840 289
840 289
840 230
840 230
840 236
840 236
840 294
840 294
840 229
840 229
840 237
840 237
193 86
193 1241
193 1299
193 1298
193 1300
1301 148
1301 148
1301 164
1301 164
984 358
984 258
984 356
984 148
984 24
984 156
984 73
984 224
984 1200
984 49
984 1202
984 994
984 377
253 290
253 5
253 5
253 290
253 273
253 273
1310 215
1310 215
1310 1314
1310 1314
1310 1313
1310 1313
1310 321
1310 321
1310 1312
1310 1312
1310 1311
1310 395
1310 1306
1310 1306
1310 395
1310 1311
1310 1315
1310 1315
1310 328
1310 328
1310 1316
1310 1316
1310 1317
1310 1317
410 409
410 213
410 213
410 1150
410 416
410 416
410 418
410 1318
410 418
410 417
410 417
410 148
410 24
410 219
410 219
410 220
410 220
410 419
410 419
410 742
410 742
410 243
410 420
410 420
410 1319
410 999
410 222
410 222
410 228
410 228
410 747
410 371
410 999
410 164
410 233
410 233
410 859
410 1000
410 1320
410 1000
659 136
659 137
659 132
659 131
659 138
659 139
659 135
659 142
659 147
659 670
659 468
659 470
659 615
659 160
659 474
659 621
659 518
659 170
659 960
659 965
659 173
659 172
659 124
659 889
659 174
1322 565
1322 566
1322 562
1322 1323
1322 65
1322 565
1322 567
1322 567
1322 469
1322 570
1322 571
1322 566
1322 571
1322 157
1322 570
1322 1025
1322 167
1322 572
1322 470
1322 573
1322 1326
1322 1326
1322 1325
1322 1325
1322 574
1322 574
1322 576
1322 576
1127 1129
1127 1123
1127 1123
1127 564
1127 1071
1127 255
1127 255
1127 139
1127 1071
1127 1130
1127 1130
1127 1141
1127 1131
1127 664
1127 1131
1127 675
1127 464
1127 464
1127 675
1127 1133
1127 1134
1127 1125
1127 1125
1127 1134
1127 1133
1127 1135
1127 1135
1127 1136
1127 1137
1127 1137
1127 1136
1127 1138
1127 1132
1127 1132
1127 158
1127 158
1127 287
1127 1140
1127 1140
1127 287
1127 658
1127 1143
1127 1141
1127 1142
1127 1142
1127 181
1127 181
1127 1126
1127 1126
1127 480
1127 480
1127 1124
1127 1124
1127 1144
1127 1144
1127 658
1127 1145
1127 1145
137 298
137 669
137 69
137 5
137 659
137 240
137 255
137 668
137 661
137 215
137 434
137 665
137 21
137 645
137 676
137 671
137 667
137 670
137 675
137 666
137 674
137 615
137 197
137 662
137 488
137 59
137 241
137 474
137 290
137 658
7 207
7 0
7 0
7 207
7 4
7 409
7 409
7 1149
7 251
7 209
7 251
7 209
7 1149
7 208
7 208
7 8
7 8
7 1100
7 254
7 254
7 1279
7 1279
7 250
7 252
7 252
7 250
7 212
7 212
7 3
7 256
7 214
7 214
7 210
7 210
7 257
7 257
7 135
7 216
7 216
7 260
7 260
7 487
7 217
7 258
7 258
7 217
7 21
7 21
7 1318
7 1318
7 192
7 1034
7 192
7 195
7 267
7 267
7 1169
7 1169
7 1170
7 1035
7 1170
7 32
7 179
7 265
7 265
7 28
7 269
7 269
7 270
7 270
7 156
7 156
7 688
7 688
7 276
7 1172
7 1172
7 34
7 276
7 221
7 221
7 1330
7 277
7 277
7 1331
7 223
7 223
7 1171
7 1040
7 1171
7 279
7 279
7 39
7 224
7 224
7 284
7 284
7 45
7 225
7 225
7 42
7 42
7 232
7 227
7 227
7 44
7 232
7 898
7 898
7 231
7 231
7 1173
7 1173
7 237
7 230
7 286
7 286
7 859
7 859
7 50
7 50
7 289
7 289
7 230
7 234
7 288
7 288
7 234
7 180
7 621
7 237
7 236
7 236
7 965
7 43
7 960
7 294
7 294
7 296
7 296
7 55
7 229
7 229
7 55
7 1320
7 1320
7 198
7 297
7 297
7 196
1150 410
1150 213
1150 13
1150 13
1150 416
1150 216
1150 216
1150 417
1150 418
1150 219
1150 420
1150 220
1150 222
1150 284
1150 284
1150 42
1150 42
1150 375
1150 233
1150 375
1150 232
1150 232
1150 999
1150 377
1150 377
189 65
189 65
189 501
189 881
189 1336
189 157
189 157
189 896
189 896
189 1340
136 255
136 787
136 5
136 69
136 958
136 240
136 788
136 659
136 963
136 21
136 661
136 215
136 959
136 135
136 665
136 671
136 668
136 645
136 434
136 670
136 669
136 667
136 488
136 961
136 674
136 179
136 666
136 675
136 473
136 662
136 676
136 197
136 615
136 178
136 283
136 792
136 474
136 290
136 180
136 621
136 960
136 518
136 794
136 957
136 965
136 241
136 295
136 59
136 658
136 966
136 298
758 755
758 756
758 68
758 68
758 755
758 756
758 759
758 760
758 760
758 15
758 15
758 76
758 76
758 161
758 161
758 763
758 763
758 84
758 84
841 278
841 209
841 209
841 251
841 251
841 208
841 208
841 840
841 840
841 212
841 212
841 214
841 214
841 278
841 192
841 210
841 210
841 257
841 257
841 216
841 216
841 217
841 217
841 192
841 842
841 842
841 269
841 269
841 270
841 270
841 221
841 221
841 310
841 225
841 225
841 227
841 227
841 286
841 286
841 310
841 289
841 289
841 234
841 234
841 230
841 230
841 236
841 236
841 229
841 294
841 294
841 229
841 237
841 237
1344 1345
1344 1345
1344 91
1344 91
1102 1100
1102 1100
1102 1098
1102 1098
1102 1099
1102 1099
1102 13
1102 1104
1102 1104
1102 447
1102 447
1102 232
1102 1105
1102 1105
1102 229
1102 229
971 180
971 179
1347 1348
564 561
564 1123
564 1127
564 255
564 255
564 1129
564 1071
564 1129
564 1130
564 668
564 1131
564 668
564 675
564 179
564 179
564 464
564 1125
564 1349
564 969
564 636
564 468
564 468
564 1350
564 1135
564 1134
564 636
564 178
564 1137
564 638
564 638
564 1133
564 178
564 991
564 991
564 1136
564 1351
564 1351
564 1138
564 1138
564 158
564 1132
564 474
564 474
564 1140
564 287
564 470
564 1352
564 470
564 180
564 180
564 621
564 621
564 1141
564 1353
564 1143
564 1142
564 1142
564 960
564 960
564 1143
564 181
564 181
564 965
564 965
564 1145
564 1126
564 480
564 480
564 1124
564 658
564 658
564 1144
493 915
493 707
493 707
493 255
493 255
493 1354
493 460
493 915
493 1354
493 460
493 1192
493 500
493 916
493 894
493 894
493 497
493 497
493 500
493 916
493 1355
493 917
493 917
493 499
493 914
493 914
493 499
493 340
493 340
493 918
493 918
493 386
493 386
493 503
493 1356
493 1356
493 503
493 383
493 383
493 502
493 502
493 389
493 389
493 351
493 1192
493 351
493 65
493 65
493 388
493 388
493 317
493 317
493 568
493 1012
493 568
493 718
493 718
493 501
493 501
493 920
493 920
493 1193
493 1193
493 879
493 879
493 508
493 1357
493 1357
493 913
493 913
493 508
493 352
493 352
493 569
493 569
493 921
493 394
493 921
493 394
493 867
493 867
493 1024
493 1024
493 510
493 924
493 924
493 928
493 928
493 506
493 506
493 513
493 513
493 512
493 512
493 575
493 575
493 505
493 505
493 440
493 516
493 516
493 1358
493 1358
493 930
493 930
493 1360
493 1360
493 440
493 1361
493 1361
493 397
493 397
493 622
493 622
493 1195
493 1195
493 890
493 1144
493 1144
493 912
493 912
493 379
493 495
493 491
493 491
493 380
493 495
493 911
493 911
493 380
493 382
493 382
493 379
12 210
12 209
12 0
12 0
12 207
12 207
12 409
12 409
12 4
12 1033
12 251
12 209
12 251
12 1149
12 208
12 208
12 1149
12 8
12 8
12 1100
12 254
12 254
12 250
12 1279
12 1279
12 252
12 252
12 212
12 250
12 212
12 256
12 214
12 3
12 214
12 296
12 257
12 210
12 135
12 257
12 216
12 216
12 260
12 260
12 258
12 258
12 217
12 217
12 21
12 21
12 192
12 1318
12 1318
12 1034
12 192
12 195
12 267
12 267
12 1169
12 1169
12 1035
12 1170
12 1170
12 269
12 179
12 265
12 265
12 269
12 23
12 23
12 28
12 688
12 487
12 32
12 270
12 270
12 688
12 156
12 156
12 221
12 1172
12 1172
12 221
12 34
12 276
12 276
12 1330
12 277
12 277
12 296
12 224
12 1331
12 223
12 223
12 1040
12 224
12 1171
12 1171
12 279
12 279
12 39
12 284
12 284
12 45
12 225
12 225
12 898
12 227
12 42
12 42
12 898
12 227
12 44
12 1173
12 232
12 232
12 1173
12 231
12 231
12 286
12 286
12 859
12 859
12 50
12 50
12 289
12 289
12 288
12 288
12 234
12 234
12 236
12 180
12 621
12 230
12 230
12 965
12 236
12 960
12 43
12 294
12 294
12 229
12 229
12 55
12 55
12 198
12 1320
12 1320
12 237
12 237
12 297
12 297
12 196
1088 446
756 68
756 68
756 758
756 758
756 759
756 759
756 140
756 140
756 15
756 15
756 1369
756 76
756 76
756 1370
756 84
756 84
1371 308
1371 308
1371 754
1373 706
1373 1374
1373 1374
379 911
379 378
379 635
379 635
379 378
379 654
379 654
379 579
379 579
379 386
379 460
379 931
379 380
379 911
379 931
379 380
379 382
379 382
379 493
379 493
379 912
379 912
379 707
379 707
379 932
379 932
379 915
379 915
379 386
379 385
379 916
379 460
379 385
379 916
379 917
379 917
379 934
379 934
379 933
379 933
379 914
379 914
379 499
379 499
379 918
379 918
379 394
379 503
379 503
379 383
379 383
379 1254
379 1254
379 389
379 389
379 351
379 351
379 65
379 65
379 388
379 388
379 568
379 568
379 394
379 920
379 920
379 936
379 936
379 913
379 913
379 467
379 467
379 569
379 352
379 352
379 569
379 938
379 938
379 937
379 937
379 843
379 843
379 921
379 921
379 657
379 657
379 940
379 940
379 941
379 941
379 939
379 939
379 1023
379 942
379 942
379 943
379 943
379 1255
379 1255
379 1256
379 1256
379 1023
379 924
379 924
379 928
379 928
379 944
379 944
379 575
379 575
379 374
379 374
379 945
379 945
379 692
379 692
379 947
379 947
379 948
379 948
379 930
379 930
379 950
379 950
379 397
379 397
379 951
379 951
379 952
379 952
1377 179
1377 141
1377 141
1377 909
1377 909
1377 179
1377 447
1377 401
1377 178
1377 178
1377 1116
1377 1116
1377 180
1377 180
912 911
912 911
912 380
912 380
912 493
912 382
912 382
912 707
912 379
912 493
912 707
912 379
912 460
912 915
912 460
912 915
912 916
912 916
912 385
912 385
912 386
912 917
912 917
912 914
912 914
912 386
912 499
912 499
912 918
912 918
912 503
912 503
912 383
912 383
912 874
912 874
912 389
912 389
912 988
912 568
912 65
912 351
912 351
912 65
912 388
912 388
912 718
912 568
912 718
912 935
912 935
912 920
912 920
912 575
912 913
912 913
912 393
912 393
912 569
912 569
912 394
912 394
912 938
912 938
912 921
912 921
912 575
912 1024
912 1024
912 1023
912 943
912 943
912 1023
912 928
912 927
912 927
912 924
912 924
912 928
912 930
912 1378
912 946
912 946
912 930
912 397
912 397
912 952
912 952
13 8
13 8
13 0
13 0
13 207
13 207
13 409
13 409
13 4
13 209
13 209
13 251
13 251
13 240
13 240
13 1098
13 208
13 208
13 1149
13 1149
13 230
13 1170
13 216
13 250
13 1100
13 254
13 254
13 1279
13 1279
13 1150
13 1150
13 1102
13 252
13 252
13 216
13 250
13 212
13 212
13 3
13 256
13 214
13 214
13 210
13 210
13 135
13 257
13 257
13 192
13 217
13 260
13 260
13 217
13 258
13 258
13 192
13 21
13 21
13 1318
13 1318
13 1034
13 1169
13 195
13 1169
13 267
13 267
13 1099
13 1035
13 156
13 1170
13 179
13 265
13 265
13 32
13 28
13 269
13 269
13 1290
13 270
13 270
13 1382
13 1104
13 276
13 1172
13 156
13 688
13 688
13 276
13 1172
13 34
13 221
13 221
13 75
13 1330
13 1331
13 277
13 277
13 223
13 223
13 1040
13 1171
13 1171
13 279
13 279
13 39
13 224
13 224
13 55
13 230
13 284
13 284
13 45
13 225
13 225
13 42
13 42
13 227
13 227
13 44
13 859
13 898
13 898
13 232
13 232
13 859
13 231
13 231
13 1173
13 1173
13 286
13 286
13 55
13 50
13 50
13 289
13 289
13 288
13 288
13 234
13 234
13 1101
13 180
13 621
13 236
13 236
13 1059
13 1059
13 965
13 960
13 43
13 1392
13 294
13 294
13 375
13 375
13 296
13 296
13 229
13 229
13 1320
13 1320
13 237
13 237
13 198
13 297
13 377
13 377
13 297
13 196
787 495
787 495
787 136
787 131
787 790
787 790
787 124
707 568
707 568
707 699
707 380
707 911
707 699
707 380
707 911
707 705
707 705
707 382
707 382
707 912
707 708
707 708
707 912
707 493
707 493
707 379
707 379
707 915
707 915
707 460
707 460
707 916
707 916
707 917
707 917
707 706
707 706
707 914
707 914
707 499
707 499
707 351
707 95
707 386
707 918
707 1013
707 386
707 918
707 95
707 503
707 503
707 351
707 383
707 383
707 389
707 389
707 713
707 713
707 317
707 317
1056 240
1056 240
1056 21
1056 314
1056 314
1056 1006
1056 1006
1056 21
1056 565
1056 565
1056 1061
1056 1061
1056 1060
1056 1060
1056 566
1056 566
1056 571
1056 571
1056 1063
1056 1063
1056 574
1056 574
1056 241
1056 241
1056 476
1056 476
1056 1064
1056 1064
498 491
498 495
498 495
1108 1107
1108 1107
1108 557
252 12
252 12
252 2
252 208
252 4
252 9
252 9
252 209
252 8
252 208
252 11
252 8
252 7
252 7
252 13
252 13
252 3
252 3
252 22
252 23
252 23
252 31
252 31
252 221
252 37
252 37
252 225
252 42
252 42
252 47
252 46
252 43
252 234
252 43
252 229
252 59
252 59
252 237
648 621
648 337
648 960
648 965
250 7
250 4
250 2
250 9
250 9
250 209
250 208
250 208
250 8
250 8
250 11
250 7
250 12
250 12
250 13
250 13
250 3
250 3
250 22
250 23
250 23
250 31
250 31
250 221
250 37
250 37
250 225
250 42
250 42
250 46
250 47
250 43
250 234
250 43
250 229
250 59
250 59
250 237
414 409
414 409
414 457
414 457
414 1318
414 1318
414 34
414 34
414 898
414 898
414 859
414 859
414 1320
414 1320
909 217
909 1377
909 1377
909 212
909 212
909 217
909 195
909 195
909 227
909 227
909 286
909 286
909 236
909 236
909 294
909 294
909 198
909 198
909 196
909 196
213 207
213 410
213 410
213 1150
1241 193
413 409
413 409
413 457
413 457
413 1318
413 1318
413 34
413 34
413 898
413 898
413 859
413 859
413 1320
413 1320
1178 681
1178 681
255 514
255 514
255 1123
255 1123
255 5
255 491
255 491
255 5
255 495
255 132
255 495
255 893
255 893
255 380
255 380
255 131
255 1127
255 1127
255 564
255 136
255 137
255 564
255 493
255 493
932 380
932 380
932 382
932 382
932 379
932 379
915 493
915 911
915 911
915 380
915 380
915 931
915 931
915 382
915 382
915 912
915 379
915 493
915 912
915 379
915 707
915 707
871 602
871 865
212 290
212 290
212 5
212 5
212 4
212 8
212 8
212 841
212 840
212 840
212 7
212 7
212 13
212 12
212 841
212 13
212 12
212 909
212 909
212 21
212 150
212 150
212 273
212 273
212 34
212 93
212 93
212 162
212 162
212 910
212 910
212 236
212 236
460 382
460 382
460 911
460 458
460 911
460 380
460 380
460 458
460 931
460 931
460 493
460 493
460 379
460 379
460 912
460 912
460 707
460 707
460 917
460 917
1354 493
1354 493
894 493
894 614
894 614
894 493
256 7
256 5
256 5
256 12
256 13
497 495
497 495
497 491
497 491
497 493
497 380
497 380
497 493
497 502
497 502
497 506
497 506
3 279
3 0
3 207
3 0
3 13
3 207
3 12
3 254
3 254
3 7
3 252
3 252
3 250
3 250
3 260
3 260
3 258
3 258
3 279
3 156
3 267
3 267
3 265
3 265
3 156
3 276
3 276
3 277
3 277
3 223
3 223
3 284
3 224
3 224
3 284
3 232
3 232
3 231
3 231
3 50
3 50
3 288
3 288
3 296
3 296
3 55
3 55
3 297
3 297
332 331
332 331
139 69
139 5
139 659
139 240
139 1123
139 1127
526 519
526 519
526 770
526 770
526 10
526 10
526 522
526 772
526 772
526 522
526 32
526 26
526 26
526 32
526 33
526 33
526 45
526 45
400 192
400 192
400 4
400 4
483 495
483 495
916 380
916 380
916 911
916 911
916 931
916 931
916 382
916 382
916 493
916 493
916 379
916 379
916 912
916 912
916 707
916 707
661 495
661 132
661 495
661 136
661 131
661 445
661 137
138 5
138 69
138 240
138 659
215 132
215 137
215 131
215 1310
215 1310
215 136
215 1006
215 1006
215 987
215 987
215 476
215 476
385 931
385 931
385 378
385 378
385 635
385 635
385 654
385 654
385 579
385 579
385 380
385 380
385 379
385 382
385 382
385 912
385 379
385 912
1355 493
917 911
917 911
917 380
917 380
917 931
917 931
917 493
917 458
917 458
917 382
917 382
917 912
917 379
917 493
917 912
917 379
917 707
917 707
917 460
917 460
917 913
917 913
71 64
71 64
71 331
71 331
1433 968
1433 964
1071 1127
1071 1127
1071 1123
1071 1123
1071 564
706 699
706 708
706 705
706 699
706 708
706 705
706 1373
706 707
706 707
214 254
214 254
214 8
214 207
214 207
214 5
214 5
214 459
214 4
214 840
214 840
214 7
214 7
214 841
214 841
214 12
214 12
214 13
214 13
214 258
214 258
214 21
214 21
214 842
214 842
214 150
214 150
214 273
214 273
214 34
214 156
214 156
214 278
214 278
214 472
214 93
214 93
214 224
214 224
214 162
214 162
214 290
214 290
214 621
214 621
210 5
210 207
210 207
210 5
210 4
210 459
210 8
210 254
210 254
210 840
210 840
210 7
210 7
210 841
210 841
210 12
210 12
210 13
210 13
210 21
210 21
210 258
210 258
210 842
210 842
210 278
210 150
210 150
210 273
210 273
210 156
210 156
210 34
210 278
210 93
210 93
210 472
210 224
210 224
210 162
210 162
210 621
210 290
210 290
210 621
257 5
257 5
257 4
257 93
257 840
257 8
257 840
257 7
257 7
257 841
257 841
257 12
257 12
257 13
257 13
257 21
257 93
257 273
257 150
257 150
257 273
257 154
257 154
257 34
257 43
257 162
257 162
257 290
257 290
257 43
96 5
774 770
774 770
774 10
774 10
774 772
774 772
774 26
774 26
774 33
774 33
525 519
525 519
525 522
525 522
775 772
775 772
775 770
775 770
775 10
775 10
416 1150
416 410
416 840
416 410
416 148
416 164
500 493
500 493
934 382
934 380
934 380
934 382
934 379
934 379
135 136
135 69
135 5
135 7
135 240
135 659
135 13
135 12
563 561
744 10
744 10
744 195
744 198
744 32
744 32
744 39
744 39
744 45
744 45
744 196
933 379
933 379
933 380
933 380
933 382
933 382
875 865
875 240
875 240
875 314
875 314
875 1007
914 911
914 493
914 493
914 911
914 380
914 380
914 382
914 382
914 912
914 912
914 379
914 379
914 707
914 707
308 304
308 1371
308 1371
308 304
308 1456
308 1456
308 1455
308 1455
308 1457
308 1457
308 1458
308 1458
308 1454
308 1454
308 691
308 691
308 1459
308 1459
308 754
308 1460
308 1460
308 754
773 770
773 10
773 770
773 10
773 772
773 772
773 26
773 26
773 33
773 33
304 308
304 579
304 840
304 308
1006 240
1006 312
1006 312
1006 240
1006 314
1006 314
1006 1056
1006 1056
1006 215
1006 215
1006 21
1006 21
1006 565
1006 565
1006 571
1006 1061
1006 1061
1006 1060
1006 1060
1006 571
1006 566
1006 566
1006 1063
1006 1063
1006 574
1006 574
1006 241
1006 241
1006 1064
1006 476
1006 476
1006 1064
499 491
499 491
499 707
499 380
499 495
499 495
499 911
499 911
499 380
499 382
499 382
499 707
499 493
499 493
499 379
499 379
499 912
499 912
499 503
499 503
1456 308
1456 308
142 5
142 69
142 240
142 659
142 179
142 180
142 178
1299 193
141 69
141 69
141 177
141 177
141 495
141 495
141 1377
141 1377
16 195
16 150
16 154
16 162
16 198
16 196
343 112
1130 1123
1130 1123
1130 1127
1130 1127
1130 564
982 881
1298 193
216 840
216 840
216 290
216 7
216 290
216 841
216 7
216 254
216 254
216 207
216 207
216 5
216 5
216 70
216 459
216 4
216 8
216 1150
216 1150
216 13
216 12
216 841
216 13
216 12
216 258
216 258
216 21
216 21
216 842
216 842
216 273
216 150
216 150
216 273
216 34
216 156
216 156
216 278
216 278
216 93
216 93
216 472
216 224
216 224
216 42
216 42
216 232
216 162
216 162
216 232
216 377
216 377
260 2
260 4
260 11
260 9
260 13
260 9
260 209
260 208
260 208
260 8
260 8
260 13
260 7
260 7
260 12
260 12
260 3
260 3
260 22
260 23
260 23
260 31
260 31
260 221
260 37
260 37
260 225
260 42
260 42
260 47
260 46
260 43
260 234
260 43
260 229
260 59
260 59
260 237
259 431
959 136
258 1480
258 216
258 216
258 22
258 23
258 23
258 32
258 31
258 31
258 45
258 37
258 37
258 39
258 42
258 42
258 46
258 47
258 230
258 230
258 43
258 43
258 1482
258 59
258 59
258 68
258 68
258 450
258 4
258 2
258 632
258 9
258 9
258 11
258 208
258 208
258 8
258 8
258 3
258 1285
258 7
258 984
258 7
258 3
258 12
258 12
258 13
258 13
258 214
258 214
258 210
258 210
1323 1322
449 70
340 493
340 493
217 5
217 4
217 5
217 8
217 8
217 840
217 840
217 7
217 7
217 13
217 841
217 841
217 12
217 12
217 13
217 909
217 909
217 21
217 669
217 150
217 150
217 273
217 273
217 805
217 34
217 93
217 93
217 162
217 162
217 910
217 910
217 290
217 290
347 112
249 5
249 5
249 272
249 261
249 261
249 266
249 266
249 272
249 291
249 291
1487 1091
1242 1238
21 198
21 574
21 1063
21 1063
21 574
21 294
21 241
21 237
21 476
21 476
21 241
21 1064
21 480
21 1064
21 229
21 59
21 196
21 212
21 207
21 0
21 132
21 209
21 131
21 251
21 240
21 240
21 208
21 314
21 314
21 254
21 12
21 137
21 7
21 7
21 136
21 12
21 13
21 13
21 1056
21 1056
21 566
21 566
21 257
21 214
21 214
21 210
21 210
21 1006
21 1006
21 216
21 216
21 217
21 192
21 192
21 195
21 565
21 565
21 23
21 23
21 270
21 269
21 221
21 1061
21 1061
21 1060
21 1060
21 224
21 224
21 571
21 571
21 42
21 225
21 289
21 227
21 286
21 234
21 236
21 230
21 230
1013 707
1013 931
1013 708
759 757
759 68
759 68
759 758
759 757
759 756
759 756
918 911
918 911
918 380
918 380
918 707
918 382
918 382
918 493
918 493
918 707
918 379
918 379
918 912
918 912
585 582
585 582
585 586
585 586
665 136
665 131
665 132
665 137
665 645
665 645
386 911
386 378
386 378
386 635
386 635
386 654
386 654
386 579
386 579
386 931
386 380
386 911
386 931
386 380
386 382
386 382
386 493
386 493
386 379
386 379
386 912
386 912
386 707
386 707
1289 1264
1289 1264
1289 1498
1289 1498
1289 617
1289 617
1289 1499
1289 1499
415 474
415 132
415 468
415 468
415 470
415 474
415 470
1356 493
1356 493
968 1433
968 669
503 491
503 495
503 495
503 491
503 911
503 911
503 380
503 380
503 382
503 382
503 493
503 493
503 379
503 379
503 912
503 912
503 707
503 707
503 499
503 499
145 1055
145 1055
145 1264
145 1264
145 1498
145 1498
145 617
145 617
145 1499
145 1499
145 623
145 623
145 837
145 837
67 64
67 68
67 68
67 64
902 447
755 767
755 68
755 68
755 758
755 758
755 767
1318 421
1318 421
1318 412
1318 412
1318 422
1318 422
1318 413
1318 413
1318 414
1318 414
1318 12
1318 410
1318 7
1318 7
1318 12
1318 13
1318 13
858 229
858 229
72 64
72 64
95 705
95 699
95 699
95 707
95 708
95 705
95 707
95 708
194 254
194 61
194 61
760 758
760 68
760 68
760 758
760 767
760 767
1151 283
1151 445
1034 23
1034 7
1034 12
1034 13
1034 59
192 400
192 400
192 5
192 840
192 4
192 5
192 8
192 841
192 7
192 840
192 841
192 7
192 12
192 12
192 13
192 13
192 21
192 21
192 151
192 151
192 150
192 150
192 273
192 273
192 34
192 93
192 93
192 162
192 162
192 290
192 290
192 752
192 752
192 405
192 405
192 293
192 293
192 298
192 298
22 260
22 0
22 207
22 254
22 252
22 250
22 223
22 258
22 267
22 265
22 156
22 276
22 277
22 279
22 224
22 284
22 232
22 231
22 288
22 50
22 296
22 55
22 297
446 1088
446 1091
1129 960
1129 960
1129 468
1129 468
1129 474
1129 474
1129 470
1129 470
1129 965
1129 965
1129 1123
1129 705
1129 705
1129 1127
1129 564
1129 564
261 5
261 5
261 249
261 249
261 264
261 264
261 275
261 275
261 274
261 274
261 293
261 293
261 298
261 298
20 6
20 0
20 0
20 757
20 6
20 68
20 68
20 757
20 15
20 15
20 25
20 25
20 76
20 76
20 334
20 334
356 984
1536 283
1480 258
1480 156
1480 224
140 68
140 68
140 756
140 756
140 76
140 15
140 15
140 76
140 767
140 767
383 378
383 378
383 911
383 635
383 635
383 911
383 654
383 654
383 579
383 579
383 931
383 380
383 380
383 931
383 382
383 382
383 493
383 493
383 379
383 379
383 912
383 912
383 707
383 707
66 64
66 64
66 68
66 69
66 69
66 5
66 5
66 70
66 70
66 68
66 840
66 840
66 73
66 73
66 1200
66 1200
66 979
66 979
66 1202
66 1202
66 994
66 994
1542 364
1091 1487
1091 446
502 491
502 491
502 495
502 495
502 380
502 380
502 493
502 493
502 497
502 497
418 410
418 410
418 1150
418 148
418 164
1314 1310
1314 1310
664 1127
664 1123
664 893
714 699
714 699
714 704
714 704
714 705
714 705
714 703
714 703
714 726
714 726
417 410
417 410
417 1150
417 148
417 164
562 1322
562 561
15 758
15 758
15 0
15 0
15 6
15 6
15 331
15 331
15 757
15 757
15 756
15 756
15 20
15 20
15 140
15 140
15 319
15 319
15 161
15 161
15 763
15 763
15 334
15 334
15 165
15 165
15 768
15 768
1549 987
1549 987
527 519
527 519
527 522
527 522
527 1553
527 1553
527 535
527 535
1554 61
1554 61
679 447
1543 1264
1543 1264
1543 1498
1543 1498
1543 617
1543 617
1543 1499
1543 1499
1264 687
1264 687
1264 145
1264 1289
1264 1289
1264 145
1264 1543
1264 1543
1264 1498
1264 1498
1264 1556
1264 1069
1264 1069
1264 1556
1264 1558
1264 609
1264 609
1264 1558
1264 1518
1264 1518
1264 1557
1264 1557
1264 1524
1264 1524
1264 1559
1264 1559
1264 623
1264 695
1264 695
1264 623
1264 837
1264 837
148 69
148 69
148 1301
148 1301
148 984
148 410
148 416
148 418
148 417
148 73
148 73
148 419
148 420
148 979
148 979
148 994
148 994
1131 1123
1131 1123
1131 1127
1131 1127
1131 564
790 495
790 787
790 495
790 787
790 788
790 788
874 380
874 380
874 382
874 382
874 912
874 912
1254 382
1254 382
1254 379
1254 379
147 69
147 893
147 5
147 240
147 659
389 379
389 911
389 378
389 378
389 635
389 635
389 654
389 654
389 579
389 579
389 931
389 380
389 911
389 931
389 380
389 382
389 382
389 493
389 493
389 912
389 912
389 379
389 707
389 707
713 699
713 699
713 707
713 705
713 705
713 708
713 708
713 707
1192 614
1192 614
1192 493
1192 493
266 5
266 5
266 249
266 249
266 264
266 264
266 298
266 275
266 275
266 274
266 274
266 293
266 293
266 298
25 331
25 331
25 68
25 68
25 757
25 757
25 20
25 20
195 4
195 1041
195 13
195 7
195 12
195 909
195 909
195 744
195 16
195 21
195 1280
195 23
195 34
195 845
195 910
195 910
195 748
195 61
195 620
195 852
195 1283
195 750
195 1282
195 59
195 952
195 297
195 297
267 208
267 4
267 9
267 2
267 209
267 9
267 8
267 208
267 11
267 8
267 7
267 7
267 13
267 12
267 12
267 13
267 3
267 3
267 22
267 23
267 23
267 43
267 31
267 31
267 221
267 37
267 37
267 43
267 225
267 42
267 42
267 47
267 46
267 234
267 229
267 59
267 59
267 237
316 68
316 68
351 382
351 128
351 128
351 911
351 911
351 380
351 380
351 931
351 931
351 708
351 382
351 708
351 493
351 493
351 379
351 379
351 912
351 912
351 707
351 707
351 568
351 568
351 569
351 569
351 938
351 938
351 943
351 943
351 575
351 575
351 952
351 952
878 865
878 1336
878 1340
364 1215
364 806
364 1075
364 1542
702 704
702 704
702 699
702 699
702 705
702 703
702 703
702 705
702 726
702 726
524 519
524 519
524 522
524 522
1169 12
1169 12
1169 7
1169 7
1169 13
1169 13
1169 23
1169 23
1169 59
1169 59
842 209
842 209
842 251
842 251
842 841
842 208
842 208
842 841
842 840
842 840
842 214
842 214
842 210
842 210
842 216
842 216
842 487
842 487
842 221
842 221
842 225
842 225
842 234
842 234
842 230
842 230
842 229
842 229
842 237
842 237
219 207
219 410
219 410
219 1150
220 207
220 410
220 410
220 1150
1455 308
1455 308
1280 195
1280 621
1280 960
1280 965
1280 196
1280 198
528 519
528 522
528 519
528 522
528 183
528 183
776 772
776 770
776 770
776 10
776 772
776 10
776 26
776 26
776 33
776 33
776 780
776 780
645 495
645 132
645 445
645 131
645 495
645 137
645 136
645 665
645 665
681 1178
681 1178
268 431
268 331
268 331
65 69
65 69
65 64
65 64
65 5
65 5
65 128
65 128
65 70
65 70
65 68
65 68
65 382
65 911
65 911
65 380
65 380
65 382
65 1149
65 1149
65 912
65 1322
65 189
65 189
65 912
65 493
65 493
65 379
65 379
65 897
65 897
65 896
65 896
65 900
65 900
434 889
434 131
434 132
434 137
434 136
434 670
434 670
434 621
434 621
434 965
434 960
434 960
434 965
388 378
388 378
388 491
388 491
388 911
388 635
388 635
388 654
388 654
388 911
388 579
388 579
388 495
388 495
388 380
388 380
388 931
388 931
388 382
388 382
388 493
388 493
388 379
388 379
388 912
388 912
668 137
668 132
668 131
668 893
668 893
668 136
668 564
668 564
668 474
668 474
669 136
669 137
669 132
669 131
669 486
669 486
669 968
669 217
669 671
669 671
669 197
669 805
669 197
669 488
669 488
669 964
669 1046
669 236
669 236
191 86
605 254
24 0
24 207
24 984
24 254
24 410
24 284
317 495
317 495
317 380
317 380
317 931
317 931
317 493
317 493
317 707
317 707
1369 756
667 136
667 137
667 132
667 131
667 662
667 662
1035 7
1035 59
1035 12
1035 13
1035 23
73 64
73 64
73 69
73 69
73 5
73 5
73 70
73 70
73 68
73 68
73 978
73 978
73 984
73 66
73 66
73 148
73 148
73 1200
73 1200
73 164
73 164
73 1202
73 1202
1099 1104
1099 1098
1099 1098
1099 1100
1099 1100
1099 1104
1099 1102
1099 1102
1099 13
1099 1101
1099 1101
1099 232
1099 229
1099 229
419 410
419 410
419 148
419 164
419 1000
419 1000
791 495
1170 7
1170 7
1170 12
1170 12
1170 13
1170 13
1170 23
1170 23
1170 59
1170 59
670 621
670 621
670 137
670 659
670 132
670 131
670 136
670 434
670 434
670 675
670 675
670 474
670 474
670 960
670 960
670 965
670 965
671 136
671 137
671 132
671 131
671 669
671 669
671 488
671 488
179 708
179 177
179 177
179 699
179 132
179 209
179 699
179 708
179 131
179 893
179 133
179 757
179 757
179 705
179 705
179 1238
179 7
179 136
179 971
179 564
179 564
179 12
179 1377
179 1377
179 13
179 142
179 881
179 1336
179 1163
179 506
179 506
179 1340
265 4
265 11
265 9
265 2
265 9
265 209
265 208
265 208
265 8
265 8
265 7
265 7
265 12
265 12
265 13
265 13
265 3
265 3
265 22
265 23
265 23
265 31
265 31
265 221
265 37
265 37
265 43
265 225
265 42
265 42
265 47
265 46
265 43
265 234
265 229
265 59
265 59
265 237
264 272
264 266
264 266
264 5
264 5
264 261
264 261
264 272
264 291
264 291
151 192
151 192
565 561
565 561
565 240
565 240
565 314
565 314
565 1322
565 1322
565 1056
565 1056
565 1006
565 1006
565 21
565 21
565 567
565 567
565 352
565 1061
565 1061
565 571
565 566
565 1060
565 1060
565 566
565 571
565 570
565 1025
565 570
565 572
565 1326
565 1326
565 478
565 478
565 1325
565 1325
565 476
565 1063
565 1063
565 574
565 574
565 476
565 241
565 241
565 480
565 480
565 1064
565 1064
565 576
565 576
717 699
717 699
717 704
717 704
717 703
717 703
26 526
26 519
26 519
26 582
26 582
26 770
26 770
26 10
26 10
26 772
26 772
26 522
26 522
26 586
26 586
26 526
26 774
26 774
26 773
26 773
26 776
26 776
26 847
26 847
26 778
26 32
26 32
26 778
26 531
26 531
26 848
26 848
26 777
26 777
26 584
26 584
26 583
26 583
26 590
26 590
26 540
26 540
26 543
26 543
26 851
26 851
26 45
26 45
26 545
26 545
26 542
26 542
26 539
26 546
26 546
26 539
26 549
26 549
26 785
26 595
26 595
26 785
26 786
26 786
26 597
26 597
26 550
26 550
1012 493
150 613
150 613
150 229
150 270
150 209
150 209
150 251
150 251
150 743
150 208
150 208
150 1212
150 212
150 212
150 214
150 214
150 210
150 210
150 270
150 216
150 257
150 257
150 16
150 216
150 217
150 217
150 192
150 192
150 269
150 269
150 221
150 221
150 225
150 225
150 227
150 227
150 286
150 286
150 289
150 289
150 234
150 234
150 490
150 230
150 230
150 236
150 236
150 294
150 294
150 489
150 1612
150 229
150 237
150 237
568 382
568 382
568 561
568 911
568 911
568 380
568 380
568 931
568 931
568 707
568 493
568 493
568 707
568 379
568 379
568 912
568 912
568 351
568 351
568 350
568 350
568 352
568 352
1103 1098
1103 1098
1103 1100
1103 1100
666 136
666 137
666 132
666 131
666 675
666 470
504 491
504 491
504 506
504 506
23 45
23 224
23 224
23 284
23 284
23 42
23 42
23 231
23 231
23 232
23 232
23 1173
23 1173
23 50
23 50
23 288
23 288
23 236
23 230
23 230
23 236
23 296
23 296
23 55
23 55
23 198
23 297
23 297
23 196
23 39
23 10
23 0
23 0
23 409
23 207
23 207
23 409
23 4
23 209
23 209
23 251
23 251
23 1033
23 208
23 208
23 1149
23 1149
23 8
23 8
23 1100
23 254
23 254
23 1279
23 1279
23 12
23 12
23 252
23 252
23 250
23 250
23 260
23 260
23 258
23 258
23 21
23 21
23 1034
23 267
23 195
23 267
23 1169
23 1169
23 265
23 1170
23 1035
23 1170
23 265
23 32
23 156
23 156
23 688
23 688
23 279
23 276
23 1172
23 1172
23 34
23 276
23 1330
23 277
23 277
23 1331
23 279
23 223
23 223
23 1040
23 1171
23 1171
28 13
28 485
28 12
28 7
28 480
28 181
647 337
647 621
647 960
647 965
847 33
847 26
847 26
847 33
464 1123
464 1123
464 1127
464 1127
464 564
464 468
464 468
464 474
464 474
464 470
464 470
718 699
718 699
718 493
718 705
718 705
718 708
718 708
718 912
718 493
718 912
685 579
674 136
674 131
674 132
674 137
152 69
152 69
501 614
501 614
501 493
501 189
501 493
269 840
269 5
269 5
269 4
269 8
269 841
269 7
269 840
269 841
269 7
269 12
269 12
269 13
269 13
269 150
269 21
269 34
269 150
269 273
269 273
269 93
269 93
269 162
269 162
269 963
269 963
269 290
269 290
14 207
919 931
919 708
465 729
1290 13
807 806
523 522
523 519
523 519
523 522
1120 1293
1120 1293
675 615
675 615
675 404
675 474
675 474
675 470
675 470
675 621
675 621
675 960
675 960
675 965
675 965
675 132
675 131
675 1123
675 1123
675 137
675 1127
675 1127
675 136
675 564
675 670
675 670
675 666
675 468
675 468
567 561
567 561
567 1322
567 1322
567 565
567 565
567 1325
567 566
567 566
567 571
567 571
567 1025
567 1325
567 570
567 570
567 572
567 1326
567 1326
567 574
567 574
567 576
567 576
315 6
315 6
315 29
315 29
319 68
319 68
319 15
319 15
319 76
319 76
32 522
32 522
32 13
32 7
32 12
32 526
32 526
32 744
32 744
32 258
32 748
32 748
32 531
32 26
32 26
32 33
32 23
32 33
32 531
32 848
32 156
32 848
32 540
32 540
32 543
32 543
32 224
32 851
32 845
32 845
32 1632
32 542
32 542
32 1632
32 545
32 545
32 546
32 546
32 549
32 549
32 852
32 852
32 750
32 750
32 552
32 59
33 519
33 519
33 522
33 10
33 582
33 582
33 770
33 770
33 522
33 772
33 10
33 772
33 586
33 586
33 526
33 526
33 774
33 774
33 773
33 773
33 776
33 776
33 847
33 847
33 32
33 32
33 778
33 778
33 531
33 531
33 848
33 848
33 777
33 777
33 583
33 584
33 584
33 583
33 590
33 590
33 542
33 543
33 540
33 540
33 45
33 543
33 45
33 851
33 851
33 542
33 545
33 545
33 546
33 546
33 539
33 539
33 549
33 549
33 786
33 595
33 595
33 786
33 785
33 785
33 597
33 597
33 550
33 550
961 136
421 409
421 409
421 457
421 457
421 1318
421 1318
421 34
421 34
421 859
421 898
421 898
421 859
421 1320
421 1320
935 912
935 380
935 380
935 382
935 382
935 912
1227 705
1227 708
1112 658
1112 658
401 1377
401 729
350 128
350 568
350 931
350 128
350 931
350 568
350 569
350 569
350 938
350 938
350 943
350 943
350 575
350 575
987 978
987 978
987 312
987 312
987 215
987 215
987 1549
987 1549
987 476
987 476
487 840
487 840
487 7
487 12
487 842
487 842
487 278
487 224
487 278
487 224
487 43
487 43
77 69
77 64
77 64
77 69
77 5
77 5
77 70
77 70
77 68
77 68
920 380
920 380
920 911
920 911
920 382
920 382
920 493
920 493
920 379
920 379
920 912
920 912
273 4
273 4
273 209
273 209
273 251
273 251
273 208
273 208
273 253
273 253
273 212
273 212
273 214
273 214
273 210
273 210
273 257
273 257
273 221
273 216
273 216
273 217
273 217
273 192
273 192
273 270
273 269
273 269
273 270
273 286
273 221
273 225
273 225
273 286
273 227
273 227
273 289
273 289
273 234
273 234
273 230
273 230
273 236
273 236
273 229
273 294
273 294
273 229
273 237
273 237
1349 564
682 254
682 232
154 613
154 613
154 251
154 251
154 743
154 1212
154 257
154 257
154 16
154 490
154 1612
154 489
272 5
272 5
272 249
272 249
272 264
272 264
272 275
272 275
272 293
272 274
272 274
272 293
742 457
742 457
742 410
742 410
936 380
936 380
936 382
936 382
936 379
936 379
270 5
270 5
270 8
270 4
270 840
270 840
270 7
270 7
270 841
270 841
270 12
270 12
270 13
270 13
270 21
270 162
270 150
270 150
270 273
270 273
270 34
270 93
270 93
270 162
270 290
270 290
676 132
676 136
676 131
676 137
1382 13
461 34
461 34
778 770
778 10
778 770
778 10
778 772
778 772
778 26
778 26
778 33
778 33
243 457
243 410
337 648
337 647
337 649
1193 614
1193 614
1193 493
1193 493
531 519
531 519
531 522
531 522
531 32
531 26
531 26
531 32
531 33
531 33
531 39
531 39
531 45
531 45
988 912
988 621
988 621
607 495
607 495
271 5
271 5
76 70
76 69
76 64
76 64
76 69
76 70
76 5
76 5
76 68
76 68
76 757
76 757
76 20
76 758
76 758
76 756
76 756
76 20
76 140
76 140
76 319
76 319
76 161
76 161
76 334
76 763
76 763
76 334
76 768
76 165
76 165
76 768
435 431
1457 308
1457 308
1374 1373
1374 1373
879 493
879 493
1125 1123
1125 1127
1125 1123
1125 1127
1125 564
805 669
805 486
805 217
805 488
805 236
805 236
969 564
420 410
420 410
420 1150
420 148
420 164
420 957
589 582
589 582
589 586
589 586
1649 1650
1649 1650
468 4
468 893
468 893
468 659
468 564
468 564
468 415
468 415
468 1129
468 1129
468 464
468 464
468 675
468 675
468 621
468 473
468 1651
468 1651
468 621
468 327
468 327
468 960
468 960
468 965
468 965
468 1143
468 1143
468 1652
468 1652
468 889
468 889
468 482
1104 1098
1104 1100
1104 1100
1104 1098
1104 1099
1104 1102
1104 1102
1104 13
1104 1099
1104 1101
1104 232
1104 1101
1357 493
1357 493
1244 1238
31 254
31 254
31 0
31 0
31 207
31 207
31 4
31 252
31 252
31 250
31 250
31 260
31 260
31 258
31 258
31 267
31 267
31 265
31 265
31 223
31 156
31 156
31 223
31 276
31 276
31 277
31 277
31 279
31 279
31 224
31 224
31 284
31 284
31 42
31 42
31 232
31 232
31 231
31 231
31 50
31 50
31 288
31 288
31 296
31 296
31 55
31 55
31 297
31 297
913 458
913 911
913 911
913 380
913 380
913 931
913 931
913 912
913 382
913 458
913 382
913 493
913 493
913 379
913 379
913 912
913 917
913 917
1313 1310
1313 1310
469 561
469 4
469 1322
687 1264
687 1264
687 617
687 1498
687 1498
687 617
687 1499
687 1499
467 931
467 931
467 458
467 458
467 379
467 379
156 984
156 1285
156 11
156 2
156 4
156 450
156 9
156 9
156 632
156 68
156 68
156 8
156 208
156 8
156 208
156 13
156 7
156 7
156 12
156 12
156 210
156 13
156 3
156 3
156 210
156 214
156 214
156 216
156 216
156 1480
156 22
156 23
156 23
156 32
156 31
156 31
156 37
156 37
156 42
156 42
156 47
156 1482
156 59
156 59
761 865
761 865
761 68
761 68
761 130
761 133
761 133
761 970
761 130
761 970
800 639
800 639
848 26
848 26
848 32
848 32
848 33
848 33
688 7
688 7
688 12
688 12
688 13
688 13
688 23
688 23
688 59
688 59
1121 1122
1121 1122
197 669
197 132
197 136
197 131
197 137
197 669
197 488
197 488
275 5
275 5
275 261
275 261
275 266
275 266
275 272
275 272
275 291
275 291
1172 12
1172 7
1172 7
1172 12
1172 13
1172 13
1172 23
1172 23
1172 59
1172 59
1319 410
34 13
34 12
34 208
34 207
34 0
34 209
34 251
34 240
34 240
34 7
34 254
34 414
34 414
34 192
34 413
34 413
34 210
34 212
34 214
34 257
34 216
34 217
34 195
34 269
34 23
34 421
34 421
34 461
34 270
34 461
34 221
34 412
34 412
34 230
34 227
34 225
34 1437
34 234
34 286
34 289
34 422
34 422
34 294
34 236
34 480
34 229
34 59
34 237
34 198
34 196
342 112
662 137
662 132
662 131
662 136
662 667
662 667
318 613
530 522
530 522
530 519
530 519
680 448
532 519
532 519
532 522
532 522
588 586
588 582
588 582
588 586
533 519
533 519
533 522
533 522
529 519
529 519
529 522
529 522
30 0
30 381
30 207
30 381
30 254
30 1279
30 1279
777 772
777 26
777 770
777 770
777 10
777 10
777 772
777 26
777 33
777 33
1553 527
1553 527
1498 1289
1498 1289
1498 145
1498 145
1498 1543
1498 1543
1498 1264
1498 1264
1498 687
1498 687
1498 617
1498 617
1498 837
1498 837
508 491
508 491
508 495
508 495
508 380
508 380
508 757
508 757
508 493
508 493
221 207
221 5
221 5
221 4
221 8
221 254
221 840
221 840
221 7
221 7
221 841
221 841
221 12
221 12
221 13
221 13
221 252
221 250
221 21
221 260
221 267
221 842
221 842
221 150
221 265
221 150
221 273
221 273
221 34
221 290
221 162
221 162
221 290
276 2
276 4
276 208
276 9
276 9
276 208
276 209
276 11
276 8
276 8
276 7
276 7
276 12
276 12
276 13
276 13
276 3
276 3
276 22
276 23
276 23
276 31
276 31
276 37
276 37
276 42
276 42
276 47
276 59
276 59
721 699
721 699
721 704
721 704
721 705
721 705
721 703
721 703
721 708
721 708
412 409
412 409
412 457
412 457
412 1318
412 1318
412 34
412 34
536 522
536 519
536 522
536 519
1069 1264
1069 1264
1069 837
587 586
587 582
587 582
587 586
75 64
75 64
75 69
75 5
75 69
75 5
75 70
75 70
75 68
75 68
75 13
75 1165
75 1165
75 178
75 178
321 613
321 1310
321 1310
1350 564
352 128
352 128
352 931
352 931
352 493
352 493
352 379
352 379
352 565
352 568
352 568
1061 240
1061 240
1061 314
1061 314
1061 1056
1061 1056
1061 1006
1061 1006
1061 21
1061 21
1061 565
1061 565
1076 1075
1076 1215
79 68
79 68
79 64
79 64
617 145
617 145
617 1289
617 1289
617 1543
617 1543
617 687
617 687
617 1498
617 1498
617 623
617 623
617 837
617 837
1330 7
1330 23
1330 12
1330 13
1330 59
393 378
393 654
393 635
393 378
393 654
393 635
393 380
393 579
393 579
393 380
393 931
393 931
393 382
393 382
393 912
393 912
1060 21
1060 21
1060 314
1060 240
1060 240
1060 314
1060 1056
1060 1056
1060 1006
1060 1006
1060 565
1060 565
584 26
584 586
584 582
584 582
584 586
584 26
584 33
584 33
1312 1310
1312 1310
689 579
1556 1264
1556 1264
583 33
583 33
583 586
583 582
583 582
583 586
583 26
583 26
1345 1344
1345 1344
447 70
447 448
447 448
447 1102
447 1098
447 1098
447 1100
447 1100
447 1102
447 1377
447 902
447 679
447 234
447 234
447 229
447 229
569 931
569 931
569 561
569 911
569 911
569 380
569 380
569 382
569 382
569 379
569 493
569 379
569 493
569 912
569 912
569 351
569 351
569 350
569 350
636 564
636 564
636 612
636 612
1134 1123
1134 1123
1134 1127
1134 1127
1134 564
1135 1123
1135 1123
1135 1127
1135 1127
1135 564
78 64
78 64
78 69
78 69
78 5
78 5
78 70
78 70
78 68
78 68
881 865
881 189
881 982
881 179
881 1336
881 1336
881 1340
881 1340
881 886
881 886
873 865
1336 189
1336 878
1336 179
1336 881
1336 881
1077 1215
1077 1075
615 131
615 132
615 659
615 137
615 136
615 675
615 675
615 474
615 474
615 621
615 621
615 960
615 960
615 965
615 965
277 4
277 9
277 9
277 2
277 7
277 209
277 208
277 208
277 7
277 8
277 8
277 11
277 12
277 12
277 13
277 13
277 3
277 3
277 22
277 23
277 23
277 31
277 31
277 37
277 37
277 42
277 42
277 47
277 59
277 59
278 251
278 209
278 251
278 209
278 840
278 208
278 840
278 208
278 841
278 841
278 214
278 214
278 210
278 210
278 216
278 216
278 487
278 487
609 1264
609 1264
609 837
590 582
590 582
590 586
590 586
590 33
590 26
590 26
590 33
222 207
222 410
222 410
222 1150
722 699
722 699
722 704
722 704
722 703
722 703
722 708
722 708
1163 179
566 561
566 561
566 240
566 240
566 314
566 314
566 567
566 1322
566 1322
566 1056
566 1056
566 1006
566 1006
566 567
566 21
566 21
566 565
566 565
35 0
35 254
35 207
35 0
35 254
35 207
1020 931
1020 931
535 519
535 519
535 522
535 522
535 527
535 527
1331 7
1331 12
1331 13
1331 59
1331 23
473 136
473 468
473 474
473 898
473 470
473 960
473 621
473 965
780 776
780 776
780 10
780 10
780 770
780 770
780 772
780 772
394 378
394 378
394 635
394 635
394 931
394 654
394 654
394 579
394 579
394 931
394 911
394 911
394 380
394 380
394 382
394 382
394 493
394 493
394 379
394 379
394 912
394 912
534 522
534 522
534 519
534 519
1458 308
1458 308
938 382
938 382
938 380
938 380
938 931
938 931
938 379
938 379
938 912
938 912
938 350
938 351
938 351
938 350
937 380
937 380
937 379
937 382
937 382
937 379
638 612
638 612
638 564
638 564
779 770
779 770
779 10
779 10
779 772
779 772
781 770
781 10
781 770
781 10
781 772
781 772
183 519
183 519
183 522
183 522
183 528
183 528
223 2
223 9
223 208
223 9
223 209
223 208
223 8
223 8
223 11
223 7
223 7
223 12
223 12
223 13
223 13
223 3
223 3
223 22
223 23
223 23
223 37
223 37
223 42
223 42
223 47
223 59
223 59
223 4
223 31
223 31
843 380
843 382
843 380
843 382
843 379
843 379
93 209
93 209
93 251
93 251
93 208
93 208
93 212
93 212
93 214
93 214
93 210
93 210
93 257
93 257
93 216
93 216
93 217
93 217
93 192
93 192
93 269
93 269
93 270
93 270
921 911
921 911
921 380
921 380
921 931
921 931
921 382
921 382
921 493
921 493
921 379
921 379
921 912
921 912
1558 1264
1558 1264
1040 12
1040 23
1040 7
1040 13
1040 59
618 613
157 69
157 69
157 128
157 128
157 1322
157 1149
157 1149
157 189
157 189
157 897
157 897
157 896
157 896
157 900
157 900
867 614
867 614
867 493
867 493
657 380
657 380
657 382
657 382
657 379
657 379
149 1297
488 486
488 486
488 131
488 132
488 136
488 137
488 669
488 669
488 671
488 671
488 805
488 197
488 197
488 236
488 236
488 1046
538 519
538 519
538 522
538 522
537 522
537 519
537 519
537 522
521 519
521 522
521 519
521 522
1133 1127
1133 1127
1133 1123
1133 1123
1133 564
1165 75
1165 75
1165 38
1165 38
1165 51
1165 51
1165 57
1165 52
1165 52
1165 57
771 772
771 772
771 770
771 10
771 770
771 10
1348 1347
520 519
520 519
520 582
520 582
520 770
520 770
520 10
520 10
520 772
520 772
520 586
520 522
520 522
520 586
1413 236
1413 236
1137 1123
1137 1127
1137 1123
1137 564
1137 1127
1306 1310
1306 1310
190 1279
541 770
541 519
541 519
541 582
541 582
541 772
541 10
541 770
541 772
541 10
541 586
541 522
541 586
541 522
160 69
160 659
160 5
160 240
159 519
159 770
159 582
159 519
159 770
159 582
159 772
159 10
159 772
159 10
159 522
159 522
159 586
159 586
472 4
472 210
472 214
472 216
472 230
1171 7
1171 7
1171 12
1171 12
1171 13
1171 13
1171 23
1171 23
1171 59
1171 59
762 68
762 68
762 495
762 495
762 133
762 133
762 130
762 130
940 380
940 380
940 382
940 382
940 379
940 379
279 2
279 4
279 9
279 9
279 208
279 209
279 208
279 8
279 8
279 11
279 12
279 7
279 7
279 12
279 13
279 13
279 3
279 3
279 22
279 23
279 23
279 31
279 31
279 37
279 37
279 42
279 42
279 47
279 59
279 59
29 254
29 254
29 0
29 0
29 207
29 207
29 315
29 315
37 279
37 279
37 0
37 0
37 207
37 207
37 252
37 4
37 252
37 254
37 254
37 250
37 250
37 260
37 260
37 258
37 258
37 267
37 267
37 265
37 265
37 156
37 156
37 223
37 276
37 276
37 223
37 277
37 277
37 224
37 224
37 42
37 284
37 284
37 42
37 232
37 232
37 231
37 231
37 50
37 50
37 288
37 288
37 296
37 296
37 55
37 55
37 297
37 297
39 7
39 12
39 13
39 258
39 744
39 744
39 23
39 531
39 531
39 845
39 845
39 748
39 748
39 750
39 852
39 852
39 750
540 519
540 519
540 772
540 770
540 770
540 772
540 10
540 10
540 522
540 522
540 32
540 26
540 26
540 32
540 33
540 33
543 522
543 522
543 519
543 519
543 26
543 26
543 32
543 32
543 33
543 33
224 214
224 1285
224 450
224 4
224 2
224 632
224 9
224 9
224 11
224 68
224 68
224 208
224 208
224 381
224 8
224 8
224 984
224 7
224 7
224 12
224 12
224 13
224 13
224 214
224 3
224 3
224 210
224 210
224 21
224 216
224 216
224 21
224 1480
224 22
224 23
224 23
224 32
224 487
224 487
224 31
224 31
224 37
224 37
224 42
224 42
224 47
224 1669
224 1669
224 1482
224 59
224 59
555 1107
544 519
544 519
544 522
544 522
897 65
897 65
897 157
897 157
897 167
897 167
941 382
941 380
941 380
941 379
941 382
941 379
274 272
274 5
274 5
274 272
274 261
274 261
274 266
274 266
274 291
274 291
851 26
851 26
851 33
851 32
851 33
1518 1264
1518 1264
991 564
991 564
161 758
161 758
161 68
161 68
161 15
161 15
161 76
161 76
939 380
939 380
939 382
939 382
939 379
939 379
38 207
38 0
38 0
38 801
38 6
38 207
38 801
38 6
38 967
38 967
38 254
38 254
38 1165
38 1165
1454 308
1454 308
942 380
942 380
942 382
942 382
942 379
942 379
40 64
40 64
40 5
40 5
1024 931
1024 931
1024 493
1024 493
1024 912
1024 912
507 491
507 495
507 491
507 495
1271 621
1271 960
1271 965
178 699
178 132
178 177
178 177
178 708
178 893
178 699
178 131
178 708
178 757
178 757
178 705
178 705
178 136
178 564
178 564
178 1377
178 1377
178 142
178 75
178 75
284 22
284 8
284 8
284 9
284 2
284 4
284 9
284 209
284 208
284 208
284 11
284 7
284 7
284 1150
284 1150
284 12
284 12
284 13
284 13
284 3
284 3
284 24
284 23
284 23
284 31
284 31
284 37
284 37
284 47
284 42
284 42
284 232
284 232
284 1669
284 1669
284 59
284 59
1671 43
1671 43
715 708
715 699
715 699
715 705
715 705
715 708
943 351
943 380
943 380
943 931
943 931
943 382
943 382
943 379
943 379
943 912
943 912
943 351
943 350
943 350
1 6
1 0
1 0
1 6
1 240
333 331
333 331
571 561
571 561
571 1322
571 240
571 240
571 1322
571 314
571 314
571 1056
571 1056
571 1006
571 1006
571 565
571 21
571 21
571 565
571 567
571 567
1255 382
1255 382
1255 379
1255 379
511 491
511 491
45 13
45 12
45 7
45 522
45 522
45 526
45 526
45 744
45 744
45 258
45 26
45 26
45 33
45 23
45 33
45 531
45 531
45 845
45 845
45 748
45 748
45 852
45 852
45 750
45 750
395 1310
395 1310
701 699
701 699
701 704
701 704
701 705
701 705
701 708
701 708
1136 1123
1136 1123
1136 1127
1136 1127
1136 564
225 4
225 207
225 5
225 5
225 8
225 254
225 840
225 840
225 7
225 7
225 841
225 841
225 252
225 12
225 12
225 13
225 13
225 250
225 260
225 21
225 267
225 842
225 842
225 265
225 150
225 150
225 273
225 273
225 34
225 162
225 162
225 290
225 290
1256 382
1256 382
1256 379
1256 379
1116 1377
1116 1377
1651 468
1651 468
1651 474
1651 474
1651 470
1651 470
1247 1238
42 279
42 279
42 37
42 37
42 224
42 224
42 284
42 284
42 232
42 232
42 50
42 231
42 231
42 50
42 288
42 288
42 375
42 297
42 296
42 375
42 296
42 297
42 55
42 55
42 377
42 377
42 223
42 276
42 276
42 223
42 277
42 277
42 156
42 156
42 8
42 8
42 0
42 0
42 240
42 207
42 207
42 4
42 254
42 7
42 254
42 7
42 1150
42 1150
42 13
42 12
42 12
42 13
42 252
42 252
42 250
42 250
42 260
42 216
42 216
42 260
42 258
42 258
42 265
42 21
42 267
42 267
42 265
42 31
42 23
42 23
42 31
1023 931
1023 931
1023 382
1023 382
1023 379
1023 379
1023 912
1023 912
1351 564
1351 564
1200 984
1200 66
1200 66
1200 73
1200 73
1025 931
1025 931
1025 1322
1025 565
1025 567
228 410
228 207
228 410
700 699
700 699
700 705
700 705
700 708
700 708
580 631
580 578
580 633
726 714
726 714
726 699
726 699
726 704
726 704
726 705
726 705
726 703
726 703
726 702
726 702
1557 1264
1557 1264
371 410
979 978
979 978
979 66
979 66
979 148
979 148
1524 1264
1524 1264
1674 283
1674 295
747 410
747 457
510 493
1138 1123
1138 564
1138 1127
1138 564
227 5
227 5
227 909
227 4
227 8
227 8
227 7
227 840
227 7
227 840
227 909
227 841
227 841
227 12
227 12
227 13
227 13
227 21
227 150
227 150
227 273
227 273
227 34
227 162
227 162
227 290
227 290
227 43
227 43
81 70
81 70
81 64
81 64
81 69
81 69
81 5
81 5
81 68
81 68
724 699
724 699
724 704
724 704
724 705
724 705
724 703
724 703
724 708
724 708
927 911
927 911
927 382
927 380
927 380
927 931
927 931
927 382
927 912
927 912
44 485
44 13
44 12
44 7
44 181
44 480
46 254
46 0
46 207
46 252
46 260
46 250
46 265
46 258
46 267
560 557
1132 1127
1132 1123
1132 1123
1132 564
1132 1127
1315 1310
1315 1310
728 699
728 699
728 704
728 704
728 703
728 703
49 0
49 207
49 254
49 984
731 705
731 699
731 699
731 708
731 705
731 708
594 582
594 582
594 586
594 586
226 207
765 68
765 68
1026 931
1026 931
1437 34
162 214
162 613
162 613
162 209
162 209
162 251
162 251
162 214
162 743
162 208
162 208
162 212
162 1212
162 212
162 210
162 210
162 257
162 257
162 216
162 16
162 216
162 269
162 192
162 217
162 217
162 269
162 192
162 270
162 270
162 225
162 221
162 221
162 225
162 227
162 227
162 294
162 286
162 286
162 289
162 289
162 234
162 234
162 294
162 236
162 230
162 490
162 230
162 236
162 1612
162 489
162 229
162 229
162 237
162 237
924 912
924 911
924 380
924 380
924 911
924 382
924 382
924 493
924 493
924 912
924 379
924 379
593 586
593 582
593 582
593 586
634 579
928 911
928 911
928 493
928 931
928 380
928 931
928 380
928 382
928 382
928 912
928 493
928 379
928 379
928 912
845 10
845 10
845 195
845 32
845 32
845 39
845 39
845 45
845 45
164 69
164 69
164 1301
164 1301
164 410
164 416
164 418
164 417
164 419
164 73
164 73
164 420
896 65
896 1279
896 1279
896 189
896 189
896 65
896 157
896 157
896 167
896 167
121 119
121 578
121 631
158 564
158 1123
158 1123
158 1127
158 1127
570 565
570 561
570 561
570 565
570 1322
570 1322
570 567
570 567
730 699
730 704
730 704
730 699
730 703
730 705
730 703
730 705
910 198
910 198
910 196
910 196
910 212
910 212
910 217
910 217
910 195
910 195
404 675
591 582
591 582
591 586
591 586
475 4
475 1100
475 1100
47 267
47 258
47 260
47 0
47 254
47 207
47 252
47 250
47 265
47 156
47 277
47 276
47 284
47 279
47 223
47 224
47 50
47 232
47 231
47 296
47 288
47 55
47 297
506 491
506 491
506 495
506 495
506 380
506 380
506 493
506 493
506 497
506 497
506 504
506 179
506 179
506 504
1229 705
1229 705
1229 708
1229 708
1340 189
1340 878
1340 179
1340 881
1340 881
792 136
792 495
792 495
792 131
748 10
748 10
748 195
748 32
748 32
748 39
748 39
748 45
748 45
167 1149
167 897
167 1149
167 128
167 128
167 1322
167 897
167 896
167 896
167 900
167 900
763 758
763 68
763 68
763 758
763 15
763 15
763 76
763 76
763 84
763 84
572 561
572 1322
572 565
572 567
542 519
542 519
542 522
542 522
542 33
542 26
542 26
542 33
542 32
542 32
1680 61
1680 61
1300 193
51 1165
51 1165
51 801
51 801
51 0
51 0
51 207
51 207
51 6
51 6
51 254
51 967
51 967
51 254
1370 756
545 519
545 519
545 772
545 770
545 770
545 772
545 10
545 10
545 522
545 522
545 26
545 26
545 32
545 32
545 33
545 33
1632 32
1632 32
783 772
783 770
783 770
783 10
783 10
783 772
233 207
233 410
233 410
233 1150
898 12
898 7
898 7
898 12
898 414
898 13
898 13
898 414
898 413
898 413
898 421
898 421
898 473
474 960
474 960
474 965
474 965
474 1143
474 1143
474 1652
474 1652
474 658
474 658
474 891
474 889
474 889
474 482
474 131
474 4
474 132
474 893
474 893
474 670
474 564
474 659
474 312
474 137
474 136
474 564
474 670
474 415
474 415
474 1129
474 1129
474 668
474 668
474 675
474 675
474 464
474 464
474 615
474 615
474 473
474 1651
474 1651
474 621
474 621
474 327
474 327
285 5
1140 564
1140 1123
1140 1123
1140 1127
1140 1127
1202 66
1202 984
1202 66
1202 73
1202 73
782 770
782 10
782 770
782 10
782 772
782 772
232 208
232 2
232 207
232 4
232 9
232 9
232 240
232 209
232 208
232 1098
232 8
232 8
232 11
232 1100
232 7
232 7
232 1150
232 1150
232 1102
232 12
232 12
232 13
232 13
232 3
232 3
232 216
232 216
232 22
232 1099
232 23
232 23
232 31
232 31
232 1104
232 682
232 37
232 37
232 284
232 284
232 42
232 42
232 47
232 375
232 375
232 59
232 59
232 377
232 377
573 561
573 1322
231 4
231 9
231 2
231 209
231 9
231 208
231 208
231 8
231 8
231 11
231 7
231 7
231 3
231 12
231 12
231 13
231 13
231 3
231 22
231 23
231 23
231 31
231 31
231 37
231 37
231 42
231 42
231 47
231 59
231 59
1352 564
1173 7
1173 7
1173 13
1173 12
1173 12
1173 13
1173 23
1173 23
1173 59
1173 59
729 1237
729 465
729 401
733 699
733 699
733 703
733 703
734 703
734 699
734 699
734 704
734 704
734 703
470 240
470 965
470 312
470 4
470 893
470 893
470 564
470 659
470 314
470 564
470 1322
470 415
470 415
470 1129
470 1129
470 666
470 464
470 464
470 675
470 675
470 473
470 1651
470 1651
470 621
470 621
470 327
470 327
470 960
470 960
470 965
470 1143
470 1143
470 1652
470 1652
470 889
470 658
470 658
470 889
470 482
513 491
513 491
513 495
513 495
513 380
513 380
513 614
513 614
513 493
513 493
513 512
513 512
513 621
513 960
513 965
944 382
944 382
944 380
944 380
944 379
944 379
1293 1120
1293 1120
286 5
286 5
286 909
286 8
286 4
286 840
286 840
286 909
286 7
286 7
286 841
286 841
286 12
286 12
286 13
286 13
286 273
286 21
286 273
286 150
286 150
286 34
286 162
286 162
286 290
286 290
859 7
859 7
859 410
859 413
859 13
859 12
859 12
859 13
859 414
859 414
859 413
859 421
859 421
287 1123
287 1123
287 1127
287 1127
287 564
592 582
592 582
592 586
592 586
620 613
620 613
620 195
283 5
283 1151
283 136
283 1536
283 1674
52 801
52 0
52 0
52 801
52 207
52 207
52 6
52 6
52 254
52 967
52 967
52 254
52 1165
52 1165
50 0
50 0
50 6
50 4
50 6
50 11
50 2
50 9
50 9
50 8
50 8
50 7
50 7
50 12
50 12
50 13
50 13
50 22
50 3
50 3
50 31
50 31
50 23
50 23
50 37
50 37
50 42
50 42
50 47
50 59
50 59
963 136
963 269
963 269
289 840
289 840
289 7
289 4
289 5
289 5
289 8
289 7
289 290
289 273
289 273
289 34
289 841
289 841
289 12
289 12
289 13
289 13
289 21
289 290
289 150
289 150
289 162
289 162
784 772
784 770
784 770
784 772
784 10
784 10
784 785
784 785
512 491
512 491
512 495
512 495
512 380
512 380
512 614
512 614
512 493
512 493
512 621
512 513
512 513
512 960
512 965
546 32
546 32
546 33
546 33
546 522
546 519
546 519
546 522
546 26
546 26
288 4
288 9
288 2
288 9
288 8
288 208
288 209
288 8
288 208
288 11
288 7
288 7
288 12
288 12
288 13
288 13
288 3
288 3
288 23
288 22
288 23
288 31
288 31
288 42
288 42
288 37
288 37
288 47
288 59
288 59
514 491
514 491
514 255
514 495
514 495
514 255
514 658
514 658
334 331
334 331
334 68
334 68
334 20
334 20
334 15
334 15
334 76
334 76
539 519
539 519
539 522
539 522
539 26
539 26
539 33
539 33
549 519
549 519
549 522
549 522
549 26
549 26
549 32
549 32
549 33
549 33
1311 1310
1311 1310
234 207
234 5
234 5
234 841
234 8
234 4
234 254
234 840
234 840
234 7
234 7
234 21
234 13
234 841
234 12
234 12
234 252
234 13
234 260
234 250
234 842
234 267
234 842
234 273
234 150
234 265
234 150
234 273
234 34
234 447
234 447
234 162
234 162
234 290
234 290
1101 1098
1101 1098
1101 1100
1101 1100
1101 1104
1101 13
1101 1104
1101 1099
1101 1099
290 221
290 208
290 251
290 132
290 209
290 209
290 251
290 131
290 240
290 240
290 137
290 208
290 253
290 253
290 136
290 212
290 212
290 210
290 214
290 214
290 210
290 257
290 257
290 216
290 216
290 217
290 217
290 192
290 192
290 269
290 269
290 270
290 270
290 221
290 225
290 225
290 227
290 227
290 286
290 286
290 289
290 289
290 234
290 234
290 230
290 230
290 236
290 236
290 294
290 294
290 237
290 229
290 229
290 237
290 298
290 298
548 519
548 519
548 772
548 770
548 770
548 772
548 10
548 10
548 522
548 522
180 132
180 177
180 177
180 699
180 699
180 209
180 893
180 133
180 131
180 757
180 757
180 971
180 705
180 705
180 1238
180 708
180 708
180 136
180 7
180 564
180 564
180 12
180 1377
180 1377
180 13
180 142
972 133
972 133
972 130
972 130
972 970
972 970
1326 1322
1326 1322
1326 565
1326 565
1326 567
1326 567
422 409
422 409
422 457
422 457
422 1318
422 1318
422 34
422 34
1499 687
1499 1289
1499 687
1499 1289
1499 145
1499 145
1499 1543
1499 1543
1559 1264
1559 1264
621 615
621 131
621 1041
621 8
621 659
621 564
621 136
621 7
621 564
621 13
621 12
621 648
621 214
621 214
621 210
621 210
621 434
621 434
621 1280
621 670
621 670
621 647
621 675
621 675
621 468
621 988
621 988
621 468
621 615
621 473
621 1271
621 474
621 474
621 470
621 470
621 513
621 512
621 1283
621 329
621 619
621 619
621 1282
621 889
621 889
621 649
621 622
621 891
621 891
621 482
1007 875
1007 314
1007 312
1007 240
595 586
595 582
595 582
595 586
595 26
595 26
595 33
595 33
785 770
785 770
785 772
785 10
785 10
785 772
785 26
785 26
785 33
785 33
785 784
785 784
1051 445
83 69
83 69
83 64
83 64
83 5
83 5
83 70
83 70
83 68
83 68
964 669
964 1433
732 704
732 703
732 703
732 704
732 699
732 699
1139 1123
1139 1123
80 64
80 64
1278 708
1141 1127
1141 1123
1141 1127
1141 1123
1141 564
165 68
165 68
165 15
165 15
165 76
165 76
292 5
292 5
736 699
736 699
736 704
736 704
736 703
736 703
786 770
786 770
786 772
786 10
786 10
786 772
786 26
786 26
786 33
786 33
291 274
291 274
291 275
291 5
291 5
291 275
291 249
291 249
291 264
291 264
490 154
490 150
490 162
1284 557
793 495
793 495
735 699
735 704
735 704
735 699
735 705
735 705
735 703
735 703
735 708
735 708
597 582
597 582
597 586
597 586
597 26
597 26
597 33
597 33
478 565
478 565
478 561
478 4
478 561
693 579
53 6
53 0
53 0
53 6
1325 1322
1325 1322
1325 565
1325 565
1325 567
1325 567
752 192
752 192
515 491
515 495
515 495
996 43
575 380
575 561
575 911
575 911
575 493
575 382
575 931
575 380
575 382
575 931
575 493
575 379
575 379
575 912
575 912
575 351
575 351
575 350
575 350
374 380
374 380
374 382
374 382
374 379
374 379
505 493
505 491
505 491
505 495
505 495
505 493
886 865
886 976
886 976
886 881
886 881
230 162
230 162
230 290
230 290
230 8
230 207
230 207
230 5
230 5
230 4
230 459
230 841
230 840
230 254
230 254
230 841
230 7
230 840
230 7
230 12
230 12
230 13
230 13
230 258
230 258
230 21
230 21
230 150
230 842
230 842
230 150
230 23
230 23
230 273
230 273
230 34
230 472
1529 837
1529 837
945 379
945 379
945 380
945 380
945 382
945 382
1669 224
1669 224
1669 284
1669 284
768 76
768 68
768 68
768 15
768 15
768 76
282 5
282 5
550 522
550 519
550 519
550 522
550 26
550 26
550 33
550 33
170 5
170 69
170 240
170 659
738 705
738 705
738 699
738 699
738 708
738 708
263 431
994 978
994 978
994 66
994 984
994 66
994 148
994 148
168 69
168 69
168 130
168 133
168 133
168 757
168 757
168 970
168 130
168 970
1122 1121
1122 1121
1353 564
547 519
547 519
547 522
547 522
551 522
551 519
551 522
551 519
328 1310
328 1310
327 468
327 468
327 474
327 474
327 470
327 470
1105 1098
1105 1098
1105 1100
1105 1100
1105 1102
1105 1102
405 4
405 4
405 192
405 192
888 865
1283 195
1283 960
1283 621
1283 965
1283 198
1283 196
236 5
236 5
236 8
236 486
236 4
236 486
236 8
236 840
236 840
236 7
236 7
236 841
236 841
236 12
236 12
236 909
236 13
236 13
236 909
236 212
236 212
236 21
236 669
236 669
236 23
236 150
236 150
236 23
236 488
236 273
236 273
236 805
236 805
236 34
236 488
236 1413
236 1413
236 162
236 162
236 290
236 290
737 699
737 699
737 704
737 704
737 705
737 705
737 703
737 703
1059 240
1059 240
1059 13
1059 13
516 491
516 491
516 495
516 495
516 380
516 380
516 493
516 493
1142 564
1142 1123
1142 1123
1142 564
1142 1127
1142 1127
692 380
692 380
692 382
692 382
692 379
692 379
947 379
947 379
947 380
947 380
947 382
947 382
651 699
651 699
651 704
651 704
651 705
651 705
651 703
651 703
651 708
651 708
1378 912
949 931
1046 486
1046 669
1046 488
691 308
691 579
691 308
691 608
1459 308
1459 308
1460 308
1460 308
107 102
107 102
107 175
107 175
754 1371
754 308
754 308
767 760
767 68
767 68
767 755
767 755
767 760
767 140
767 140
1358 493
1358 493
1316 1310
1316 1310
948 380
948 380
948 382
948 382
948 379
948 379
43 0
43 0
43 207
43 207
43 251
43 251
43 254
43 254
43 13
43 12
43 7
43 252
43 252
43 250
43 250
43 257
43 257
43 260
43 260
43 258
43 258
43 267
43 267
43 265
43 265
43 487
43 487
43 1671
43 1671
43 227
43 227
43 996
310 627
310 208
310 208
310 841
310 841
740 699
740 699
740 789
740 705
740 708
740 705
740 708
1482 258
1482 156
1482 224
852 32
852 32
852 10
852 10
852 195
852 39
852 39
852 45
852 45
1063 240
1063 240
1063 314
1063 314
1063 1056
1063 1056
1063 1006
1063 1006
1063 21
1063 21
1063 565
1063 565
809 806
329 621
329 960
329 965
235 207
517 491
517 495
517 495
1110 1107
1110 1107
1110 557
518 495
518 495
518 491
518 659
518 131
518 136
695 1264
695 1264
960 659
960 1041
960 131
960 8
960 7
960 136
960 564
960 564
960 12
960 13
960 648
960 675
960 1129
960 1129
960 1280
960 434
960 434
960 670
960 670
960 647
960 675
960 468
960 468
960 615
960 615
960 473
960 1271
960 474
960 474
960 470
960 470
960 513
960 512
960 1283
960 329
960 1282
960 622
960 889
960 649
960 889
960 891
960 891
960 482
946 380
946 380
946 382
946 382
946 912
946 912
181 564
181 564
181 1123
181 5
181 5
181 1123
181 1127
181 1127
181 28
181 44
1392 13
694 1215
694 1075
930 380
930 911
930 911
930 493
930 382
930 380
930 493
930 382
930 379
930 379
930 912
930 912
750 39
750 39
750 10
750 10
750 195
750 32
750 32
750 45
750 45
950 380
950 380
950 382
950 382
950 379
950 379
1360 493
1360 493
639 799
639 799
639 1149
639 1149
639 800
639 800
84 69
84 64
84 64
84 69
84 70
84 5
84 5
84 70
84 68
84 68
84 758
84 758
84 756
84 756
84 763
84 763
957 136
957 420
957 1000
965 1129
965 1041
965 131
965 8
965 659
965 1129
965 564
965 7
965 136
965 13
965 564
965 12
965 648
965 675
965 670
965 1280
965 434
965 434
965 675
965 670
965 647
965 468
965 468
965 615
965 615
965 473
965 513
965 1271
965 474
965 474
965 470
965 470
965 512
965 1283
965 329
965 1282
965 622
965 649
965 889
965 889
965 891
965 891
965 482
294 5
294 5
294 4
294 840
294 8
294 840
294 7
294 7
294 841
294 841
294 12
294 12
294 13
294 13
294 21
294 909
294 909
294 34
294 150
294 150
294 273
294 273
294 162
294 162
294 290
294 290
440 491
440 491
440 495
440 495
440 380
440 380
440 493
440 493
619 621
619 621
619 889
1282 196
1282 195
1282 621
1282 960
1282 965
1282 198
124 69
124 5
124 240
124 788
124 659
124 787
929 380
929 380
929 931
929 931
739 699
739 699
739 703
739 703
293 261
293 261
293 5
293 5
293 192
293 192
293 266
293 266
293 272
293 272
794 495
794 495
794 131
794 136
581 579
574 561
574 561
574 240
574 240
574 1322
574 314
574 314
574 1322
574 1056
574 1056
574 1006
574 1006
574 21
574 21
574 565
574 565
574 567
574 567
375 1150
375 1150
375 13
375 13
375 42
375 42
375 232
375 232
741 699
741 699
741 704
741 704
741 705
741 705
741 703
741 703
1143 468
1143 468
1143 474
1143 474
1143 470
1143 470
1143 1123
1143 1127
1143 564
1143 564
1612 150
1612 154
1612 162
241 132
241 4
241 4
241 314
241 240
241 131
241 240
241 137
241 314
241 1056
241 136
241 1056
241 21
241 1006
241 1006
241 21
241 565
241 565
241 196
349 112
172 240
172 69
172 5
172 4
172 659
1361 493
1361 493
397 911
397 378
397 911
397 378
397 635
397 635
397 654
397 654
397 579
397 579
397 380
397 380
397 931
397 931
397 382
397 382
397 493
397 493
397 379
397 379
397 912
397 912
295 5
295 495
295 495
295 131
295 136
295 1674
58 5
58 5
797 495
1126 1123
1126 1123
1126 1127
1126 1127
1126 564
476 4
476 4
476 240
476 312
476 312
476 240
476 314
476 314
476 1056
476 1056
476 215
476 215
476 1006
476 1006
476 21
476 21
476 565
476 565
476 987
476 987
1032 931
1032 931
480 4
480 561
480 561
480 976
480 976
480 1127
480 1123
480 1123
480 1127
480 564
480 564
480 21
480 565
480 565
480 28
480 34
480 44
296 4
296 8
296 9
296 2
296 9
296 11
296 8
296 7
296 7
296 23
296 12
296 12
296 3
296 13
296 13
296 3
296 23
296 22
296 31
296 31
296 37
296 37
296 42
296 42
296 47
296 59
296 59
1652 468
1652 468
1652 470
1652 474
1652 474
1652 470
489 154
489 150
489 162
173 69
173 5
173 240
173 659
1064 240
1064 240
1064 314
1064 314
1064 1056
1064 1056
1064 565
1064 1006
1064 1006
1064 21
1064 21
1064 565
1124 1127
1124 1123
1124 1123
1124 1127
1124 564
57 967
57 967
57 0
57 0
57 207
57 207
57 6
57 6
57 801
57 801
57 254
57 254
57 1165
57 1165
608 691
229 265
229 4
229 207
229 5
229 5
229 841
229 840
229 8
229 840
229 254
229 841
229 7
229 7
229 252
229 1102
229 1102
229 12
229 12
229 13
229 13
229 250
229 260
229 21
229 858
229 858
229 267
229 842
229 842
229 1099
229 1099
229 447
229 150
229 150
229 447
229 273
229 273
229 34
229 162
229 162
229 290
229 290
658 136
658 137
658 1127
658 132
658 564
658 1127
658 893
658 893
658 564
658 131
658 1123
658 1123
658 1112
658 1112
658 474
658 474
658 470
658 470
658 514
658 514
658 891
658 891
552 586
552 519
552 519
552 582
552 582
552 586
552 770
552 770
552 10
552 10
552 772
552 772
552 522
552 522
552 32
999 1150
999 410
999 410
59 1034
59 208
59 0
59 0
59 207
59 207
59 409
59 409
59 132
59 4
59 208
59 209
59 209
59 131
59 251
59 251
59 1149
59 1149
59 8
59 8
59 254
59 254
59 1279
59 1279
59 137
59 136
59 252
59 252
59 250
59 250
59 260
59 260
59 258
59 258
59 21
59 195
59 267
59 267
59 1169
59 1169
59 1035
59 1170
59 1170
59 32
59 265
59 265
59 156
59 156
59 688
59 688
59 1172
59 1172
59 34
59 276
59 276
59 1330
59 1331
59 277
59 277
59 223
59 223
59 1040
59 279
59 279
59 1171
59 1171
59 224
59 224
59 284
59 284
59 232
59 232
59 231
59 231
59 1173
59 1173
59 50
59 50
59 296
59 288
59 288
59 296
59 55
59 55
59 297
59 297
59 198
59 196
1155 445
796 495
796 495
55 0
55 4
55 0
55 6
55 6
55 9
55 2
55 9
55 68
55 68
55 8
55 8
55 11
55 1236
55 7
55 7
55 13
55 12
55 12
55 13
55 3
55 3
55 22
55 23
55 23
55 31
55 31
55 37
55 37
55 42
55 42
55 47
55 59
55 59
1320 410
1320 7
1320 7
1320 12
1320 12
1320 13
1320 13
1320 414
1320 414
1320 413
1320 413
1320 421
1320 421
622 614
622 614
622 493
622 493
622 621
622 960
622 965
1157 381
1157 381
808 806
237 7
237 207
237 5
237 5
237 4
237 254
237 8
237 840
237 840
237 7
237 841
237 841
237 252
237 12
237 12
237 13
237 13
237 250
237 260
237 21
237 267
237 842
237 842
237 265
237 150
237 150
237 273
237 273
237 34
237 162
237 162
237 290
237 290
951 380
951 380
951 382
951 382
951 379
951 379
198 297
198 297
198 61
198 4
198 1041
198 7
198 12
198 13
198 909
198 909
198 744
198 16
198 21
198 1280
198 23
198 34
198 910
198 910
198 1283
198 1282
198 59
377 984
377 1150
377 1150
377 13
377 13
377 216
377 216
377 42
377 42
377 232
377 232
91 1107
91 1344
91 1344
91 1107
91 557
61 495
61 613
61 495
61 194
61 194
61 1554
61 1554
61 195
61 1680
61 1680
61 198
61 196
952 380
952 380
952 912
952 931
952 931
952 382
952 382
952 379
952 379
952 912
952 351
952 195
952 351
60 0
60 0
60 6
60 6
576 561
576 561
576 1322
576 1322
576 565
576 565
576 567
576 567
649 960
649 337
649 621
649 965
1317 1310
1317 1310
889 474
889 659
889 434
889 474
889 468
889 468
889 470
889 470
889 621
889 621
889 960
889 960
889 965
889 965
889 619
640 612
891 474
891 621
891 621
891 960
891 960
891 965
891 965
891 658
891 658
623 1055
623 1123
623 1123
623 1055
623 145
623 145
623 1264
623 1264
623 617
623 617
837 1123
837 1123
837 145
837 145
837 1264
837 1264
837 1069
837 1498
837 1498
837 617
837 617
837 609
837 1529
837 1529
1195 493
1195 493
900 167
900 167
900 157
900 157
900 65
900 65
596 582
596 582
596 586
596 586
297 2
297 4
297 9
297 9
297 613
297 613
297 209
297 208
297 208
297 8
297 8
297 11
297 7
297 7
297 12
297 12
297 13
297 13
297 3
297 3
297 22
297 195
297 195
297 23
297 23
297 31
297 31
297 37
297 37
297 42
297 42
297 47
297 196
297 59
297 59
297 198
297 198
297 196
890 493
174 69
174 893
174 5
174 240
174 659
966 136
196 909
196 909
196 4
196 1041
196 240
196 7
196 12
196 13
196 16
196 744
196 21
196 1280
196 23
196 34
196 910
196 910
196 241
196 1283
196 1282
196 297
196 59
196 297
196 61
63 254
63 254
63 0
63 0
63 207
63 207
62 0
62 0
62 6
62 6
62 331
62 331
1000 410
1000 410
1000 419
1000 419
1000 957
1145 1123
1145 1123
1145 1127
1145 1127
1145 564
482 474
482 470
482 621
482 965
482 960
482 468
1650 1649
1650 1649
1144 564
1144 1127
1144 1123
1144 1123
1144 1127
1144 493
1144 493
298 136
298 137
298 5
298 5
298 132
298 131
298 240
298 240
298 192
298 192
298 261
298 261
298 266
298 266
298 290
298 290
