0 2
0 10
0 11
0 7
0 12
0 13
0 3
0 16
0 17
0 19
0 22
0 23
0 26
0 27
0 14
0 31
0 32
0 33
0 29
0 37
0 39
0 45
0 42
0 42
0 46
0 47
0 43
0 59
0 61
85 88
85 90
85 91
69 13
69 153
69 156
69 156
69 165
175 176
182 183
182 184
182 185
182 153
182 187
86 192
86 194
86 195
86 196
86 198
199 153
199 183
200 205
207 2
207 2
207 209
207 209
207 10
207 11
207 11
207 12
207 7
207 13
207 212
207 212
207 3
207 19
207 17
207 16
207 16
207 217
207 22
207 217
207 14
207 26
207 27
207 23
207 23
207 31
207 33
207 32
207 156
207 221
207 221
207 37
207 224
207 39
207 225
207 45
207 225
207 42
207 42
207 227
207 227
207 46
207 47
207 234
207 234
207 229
207 43
207 236
207 236
207 229
207 59
207 237
207 55
207 237
207 61
5 249
5 192
5 192
5 264
5 275
5 275
5 274
5 293
5 293
5 293
5 298
5 298
306 183
306 309
306 151
338 339
354 360
354 361
354 362
354 363
354 364
354 365
354 366
354 367
354 355
354 369
354 370
354 373
354 374
354 372
354 375
378 381
399 162
399 150
399 154
409 410
409 411
409 414
409 413
409 412
409 416
409 417
409 418
409 419
409 421
409 420
409 422
409 424
357 304
357 430
431 151
70 433
455 176
455 176
4 195
4 457
4 410
4 414
4 413
4 416
4 418
4 313
4 417
4 463
4 419
4 462
4 421
4 461
4 420
4 412
4 473
4 42
4 422
4 477
4 479
4 476
4 476
4 480
4 198
4 481
4 196
4 482
485 44
485 486
485 28
485 488
491 184
561 563
561 565
561 566
561 567
561 565
561 567
561 566
561 571
561 571
561 570
561 570
561 572
561 574
561 574
561 576
561 576
2 254
2 0
2 207
2 207
2 231
2 252
2 250
2 258
2 260
2 276
2 265
2 267
2 156
2 75
2 277
2 279
2 223
2 284
2 224
2 232
2 288
2 50
2 53
2 296
2 55
2 297
600 434
600 603
600 145
600 446
600 605
600 609
600 608
627 628
635 381
612 637
612 636
612 638
612 61
654 381
448 447
448 447
448 284
579 381
579 615
579 372
579 696
699 709
457 4
457 743
457 744
457 21
457 746
457 34
457 746
457 748
457 750
751 752
751 752
751 434
751 754
68 161
68 758
68 756
68 20
68 140
68 319
68 763
68 334
68 165
68 768
68 767
495 61
799 639
801 159
802 13
802 7
802 12
802 59
802 23
810 752
628 630
628 258
628 627
628 814
628 813
628 818
628 820
628 821
628 817
628 822
628 823
628 156
628 824
628 825
628 819
628 827
628 828
628 224
628 829
628 830
628 826
628 831
628 832
628 816
628 833
628 608
628 815
628 835
209 207
209 207
209 840
209 8
209 254
209 254
209 841
209 284
209 679
209 250
209 252
209 250
209 252
209 194
209 260
209 260
209 258
209 842
209 267
209 267
209 265
209 150
209 265
209 284
209 278
209 156
209 276
209 276
209 277
209 277
209 224
209 223
209 223
209 93
209 279
209 279
209 231
209 162
209 232
209 232
209 288
209 231
209 288
209 297
209 297
10 748
10 207
10 0
10 526
10 254
10 522
10 250
10 88
10 253
10 252
10 846
10 774
10 744
10 773
10 776
10 258
10 260
10 267
10 195
10 265
10 23
10 847
10 778
10 848
10 271
10 531
10 156
10 777
10 447
10 276
10 583
10 849
10 584
10 277
10 590
10 781
10 771
10 223
10 850
10 284
10 540
10 279
10 851
10 224
10 543
10 545
10 845
10 542
10 783
10 288
10 50
10 232
10 231
10 546
10 549
10 785
10 595
10 292
10 786
10 282
10 597
10 853
10 853
10 852
10 198
10 855
10 750
10 55
10 552
10 296
10 196
10 297
10 298
411 856
411 409
411 88
411 13
411 858
411 857
411 859
411 860
411 198
865 867
865 501
865 879
901 902
904 176
904 176
905 906
905 852
251 743
251 8
251 194
251 679
251 150
251 154
251 93
251 162
251 43
602 501
131 195
743 413
743 414
743 410
743 457
743 251
743 257
743 313
743 416
743 419
743 463
743 418
743 417
743 462
743 150
743 461
743 421
743 154
743 162
743 420
743 412
743 479
743 477
743 422
743 481
967 38
967 51
967 52
967 57
974 12
974 7
974 304
974 23
976 474
978 979
978 66
978 73
978 262
978 989
978 994
1011 681
1011 1012
1011 89
1041 1043
1041 189
1041 866
1041 608
486 698
486 681
486 645
486 1047
486 485
486 661
486 1048
486 1050
486 805
486 805
486 488
486 488
486 236
240 314
240 314
240 1056
240 1056
240 1006
240 1006
240 21
240 21
240 565
240 565
240 571
240 1061
240 1061
240 1060
240 1060
240 566
240 566
240 571
240 574
240 1063
240 1063
240 574
240 241
240 241
240 1064
240 476
240 476
240 1064
788 645
788 153
788 1065
788 752
208 840
208 8
208 194
208 841
208 679
208 842
208 150
208 278
208 93
208 162
1098 445
1098 234
1098 1038
1098 121
1098 232
1098 237
1098 229
1098 839
1117 601
1117 153
1117 1118
1117 363
1117 681
1117 1119
1117 681
1117 23
1117 367
1117 151
1117 752
1117 153
1117 1065
1117 1120
1117 1121
1117 752
1117 1122
1123 1128
1149 7
1149 12
1149 13
1149 23
1149 28
1149 44
1149 59
445 446
445 1100
445 1098
445 841
445 1102
445 858
445 1152
445 605
445 1099
445 1104
445 447
445 1
445 1154
445 1051
445 853
381 635
381 378
381 933
381 654
381 579
381 932
381 934
381 936
381 942
381 937
381 1156
381 447
381 843
381 657
381 940
381 941
381 939
381 928
381 944
381 374
381 945
381 1157
381 948
381 692
381 947
381 1157
381 950
381 1157
381 951
459 12
459 8
459 7
459 13
459 23
459 59
522 10
522 26
522 32
522 33
522 520
522 541
522 39
522 159
522 45
522 552
586 903
1176 185
1176 1178
1176 1179
1176 681
1176 151
1176 151
1176 363
1176 1181
1176 1
1176 1181
8 209
8 251
8 208
8 459
8 7
8 12
8 13
8 210
8 212
8 214
8 257
8 216
8 217
8 192
8 195
8 23
8 221
8 269
8 270
8 472
8 42
8 225
8 227
8 475
8 475
8 286
8 229
8 234
8 289
8 230
8 236
8 294
8 59
8 237
8 198
8 196
1183 195
1183 196
1183 198
1100 445
1100 234
1100 232
1100 237
1100 1185
1100 229
1189 1190
1189 1
1204 145
814 628
813 628
1212 150
1212 154
1212 162
1218 1219
1220 176
1220 176
1222 176
1222 176
1223 176
1223 176
705 709
1236 1
1237 661
1237 729
1237 727
1237 729
314 240
314 240
314 1056
314 1056
314 1006
314 1006
314 21
314 21
314 565
314 565
314 1061
314 1061
314 1060
314 1060
314 566
314 566
314 571
314 571
314 1064
314 1063
314 1063
314 1064
314 574
314 574
314 241
314 241
314 476
314 476
358 361
358 360
358 362
358 667
358 364
358 365
358 366
358 370
358 355
358 373
358 374
358 372
358 375
1055 1265
1055 615
1270 615
1270 88
254 14
254 2
254 209
254 209
254 10
254 11
254 7
254 12
254 3
254 13
254 212
254 212
254 16
254 17
254 19
254 217
254 16
254 217
254 1272
254 27
254 194
254 22
254 23
254 26
254 236
254 682
254 33
254 32
254 31
254 221
254 1273
254 221
254 615
254 37
254 39
254 236
254 45
254 225
254 225
254 42
254 42
254 42
254 46
254 227
254 227
254 47
254 234
254 234
254 43
254 229
254 608
254 229
254 237
254 59
254 237
254 61
1276 1277
11 296
11 0
11 254
11 207
11 207
11 252
11 260
11 250
11 156
11 258
11 267
11 265
11 276
11 277
11 223
11 232
11 224
11 279
11 284
11 231
11 50
11 288
11 55
11 297
1279 7
1279 12
1279 13
1279 23
1279 23
1279 190
1279 59
1043 1041
1043 1280
1043 1282
1043 1271
1043 1283
1043 608
1179 1286
1179 1176
1288 151
1288 609
1118 1117
1118 1181
1118 1290
1118 1119
1118 1178
1118 1291
1118 1292
1118 1293
1118 447
1118 1294
1118 1295
1118 1296
840 216
840 209
840 208
840 214
840 210
840 487
840 221
840 223
840 225
840 234
840 229
840 230
840 230
840 230
840 237
201 283
361 354
361 358
361 356
361 376
88 85
88 411
88 10
88 13
88 1270
88 13
88 1303
88 775
88 402
88 434
88 454
88 153
88 23
88 1058
88 190
88 1305
88 558
88 435
88 1306
88 535
88 61
88 1271
253 10
253 32
253 39
253 45
410 409
410 4
410 743
410 21
410 1318
410 34
410 859
410 957
410 1320
1321 520
1146 623
659 497
659 468
659 474
659 176
659 470
659 621
659 960
659 965
659 305
1322 912
1322 565
1322 565
1322 568
1322 567
1322 567
1322 913
1322 1324
1322 566
1322 569
1322 566
1322 575
1322 1020
1322 571
1322 571
1322 1025
1322 570
1322 570
1322 1326
1322 572
1322 1326
1322 1325
1322 1325
1322 574
1322 574
1322 1032
1322 576
1322 576
869 305
7 0
7 207
7 802
7 974
7 1149
7 258
7 459
7 8
7 254
7 1279
7 252
7 13
7 250
7 260
7 1034
7 195
7 267
7 33
7 1169
7 1035
7 1170
7 265
7 32
7 26
7 1172
7 156
7 688
7 276
7 473
7 1330
7 277
7 1331
7 223
7 472
7 1040
7 159
7 520
7 541
7 1171
7 279
7 39
7 224
7 224
7 45
7 284
7 1332
7 42
7 42
7 598
7 475
7 232
7 573
7 231
7 1173
7 50
7 288
7 296
7 975
7 552
7 55
7 198
7 297
7 196
1334 176
1334 176
1150 148
1150 608
189 466
189 1280
189 1041
189 304
189 665
189 670
189 1271
189 1273
189 1337
189 1286
189 1
189 1065
189 423
189 1283
189 310
189 1282
1342 266
1342 261
1343 176
1343 176
758 68
758 76
758 15
758 767
841 209
841 210
841 208
841 445
841 214
841 216
841 221
841 225
841 234
841 230
841 229
841 237
1102 445
1102 234
1102 232
1102 1185
1102 1346
1102 229
1102 229
1102 237
493 499
493 499
493 503
493 503
493 1359
1362 1363
1362 363
1362 1076
1362 752
1362 1181
1365 197
12 0
12 207
12 802
12 974
12 1149
12 459
12 8
12 254
12 13
12 1279
12 252
12 250
12 1331
12 260
12 258
12 1034
12 195
12 267
12 1169
12 434
12 1035
12 1170
12 265
12 1012
12 26
12 156
12 33
12 32
12 688
12 1172
12 276
12 277
12 1330
12 473
12 223
12 1040
12 520
12 472
12 541
12 159
12 1171
12 279
12 39
12 224
12 224
12 42
12 284
12 45
12 1332
12 42
12 598
12 475
12 231
12 232
12 573
12 1173
12 50
12 288
12 296
12 975
12 552
12 55
12 198
12 297
12 196
1088 1368
756 76
756 68
756 15
1372 752
601 308
601 1178
601 1117
601 1294
601 1375
601 1291
601 1291
601 1091
601 446
601 1376
601 606
601 681
601 1047
601 364
601 197
601 1292
601 1290
601 1341
601 1295
601 1296
601 1293
601 752
601 547
601 754
601 1181
912 1322
912 874
912 565
912 567
912 935
912 566
912 571
912 927
912 570
912 1325
912 1326
912 946
912 574
912 576
13 0
13 69
13 207
13 802
13 411
13 8
13 1149
13 459
13 88
13 254
13 88
13 1279
13 252
13 7
13 846
13 12
13 250
13 1128
13 661
13 1379
13 16
13 1380
13 260
13 258
13 145
13 1034
13 446
13 446
13 267
13 195
13 195
13 1169
13 1170
13 681
13 645
13 681
13 434
13 24
13 1035
13 23
13 26
13 265
13 151
13 32
13 33
13 185
13 156
13 31
13 31
13 688
13 688
13 1172
13 1273
13 1265
13 276
13 1383
13 1076
13 1330
13 849
13 277
13 1331
13 534
13 473
13 1384
13 223
13 1040
13 1040
13 850
13 1386
13 541
13 520
13 159
13 472
13 1171
13 279
13 1387
13 37
13 39
13 37
13 39
13 224
13 224
13 1388
13 284
13 1332
13 1332
13 45
13 598
13 42
13 42
13 42
13 121
13 475
13 232
13 231
13 573
13 1173
13 50
13 288
13 403
13 752
13 752
13 376
13 1391
13 296
13 55
13 552
13 198
13 377
13 198
13 837
13 297
13 196
846 13
846 10
211 1047
211 1331
211 428
1056 566
1056 314
1056 240
1056 240
1056 314
1056 566
1056 1006
1056 1006
1056 21
1056 21
1056 1061
1056 565
1056 565
1056 1061
1056 1060
1056 1060
1056 571
1056 571
1056 1063
1056 1063
1056 574
1056 574
1056 476
1056 241
1056 241
1056 476
1056 1064
1056 1064
498 1129
498 1395
498 1396
1303 88
1303 1
1303 1271
1303 752
1303 289
252 2
252 209
252 10
252 209
252 11
252 12
252 7
252 13
252 3
252 212
252 212
252 17
252 19
252 16
252 16
252 27
252 217
252 22
252 217
252 23
252 26
252 14
252 33
252 32
252 31
252 221
252 221
252 37
252 39
252 225
252 45
252 225
252 42
252 42
252 227
252 227
252 47
252 46
252 234
252 234
252 43
252 236
252 236
252 229
252 229
252 59
252 237
252 237
252 61
1397 681
1128 1398
1128 305
1128 692
1128 752
1128 305
1128 1065
1128 1399
1128 1
1128 1400
1128 609
1128 13
1128 1123
1128 1243
1128 670
1128 145
1128 347
1128 144
1128 1402
1128 446
1128 466
1128 23
648 497
648 337
648 176
250 2
250 209
250 209
250 10
250 7
250 11
250 12
250 13
250 212
250 3
250 212
250 19
250 17
250 16
250 16
250 22
250 217
250 217
250 27
250 14
250 23
250 26
250 31
250 32
250 33
250 221
250 221
250 37
250 39
250 234
250 42
250 225
250 45
250 42
250 225
250 234
250 46
250 227
250 1082
250 227
250 47
250 229
250 236
250 236
250 43
250 229
250 59
250 237
250 237
250 61
1404 608
414 744
414 409
414 743
414 4
414 748
414 21
414 1318
414 34
414 898
414 859
414 750
414 1320
909 183
909 609
909 212
909 217
909 1264
909 488
909 227
909 286
909 236
909 623
909 698
909 294
1405 1
710 709
413 898
413 409
413 4
413 743
413 744
413 21
413 1318
413 34
413 748
413 859
413 750
413 1320
1178 681
1178 1119
1178 1407
1178 1118
1178 601
1178 1176
1178 367
1178 23
1178 1120
1178 153
1178 363
1178 151
1178 1408
1178 1121
1178 1065
1178 752
1178 1122
255 1409
255 305
255 1410
255 990
932 381
1411 484
870 867
870 501
870 879
212 207
212 207
212 254
212 8
212 254
212 679
212 260
212 909
212 252
212 250
212 252
212 250
212 194
212 1412
212 260
212 258
212 265
212 267
212 267
212 265
212 150
212 156
212 31
212 1265
212 277
212 276
212 276
212 277
212 284
212 488
212 93
212 223
212 223
212 279
212 224
212 279
212 37
212 288
212 284
212 162
212 288
212 910
212 231
212 231
212 232
212 232
212 236
212 297
212 297
460 917
1414 89
1415 771
1407 363
1407 681
1407 1178
1407 283
1407 1181
497 659
497 648
497 1418
497 502
497 790
497 647
497 1419
497 337
497 506
497 1420
497 649
3 252
3 0
3 207
3 254
3 250
3 260
3 258
3 267
3 265
3 156
3 276
3 277
3 223
3 279
3 224
3 284
3 231
3 232
3 42
3 288
3 50
3 234
3 55
3 296
3 229
3 297
1421 620
1423 224
1423 258
1423 156
709 699
709 718
709 705
709 710
709 712
709 721
709 722
709 715
709 720
709 701
709 725
709 727
709 729
709 735
709 1225
709 952
526 10
526 26
526 32
526 33
526 39
526 45
400 274
400 434
400 404
1425 303
1425 304
1379 13
1379 23
1379 1
661 13
661 486
661 1237
661 215
661 96
661 363
661 645
661 23
661 367
661 367
661 401
661 488
661 903
138 151
1426 606
1426 1104
215 661
215 1006
215 1006
215 987
215 987
215 473
215 1427
215 476
215 476
1428 176
1428 176
1429 1430
385 470
1355 839
1355 839
917 460
917 913
1431 176
1431 176
1433 968
214 8
214 840
214 841
214 258
214 194
214 679
214 842
214 150
214 402
214 156
214 278
214 93
214 224
214 162
214 475
214 965
214 621
214 960
210 8
210 840
210 841
210 258
210 194
210 679
210 842
210 150
210 156
210 278
210 93
210 224
210 162
210 475
210 621
210 960
210 965
257 743
257 8
257 868
257 194
257 679
257 150
257 154
257 93
257 162
257 43
257 1378
257 1001
96 1281
96 661
96 1438
774 10
774 26
774 33
774 32
774 39
774 45
1439 377
775 88
637 612
1440 752
1243 1128
416 409
416 4
416 743
416 21
416 1318
416 148
416 34
416 164
416 957
416 859
416 1320
934 381
135 1050
1442 151
868 257
868 1443
868 1444
868 857
868 1269
868 1219
563 561
744 196
744 457
744 10
744 413
744 414
744 26
744 195
744 462
744 32
744 33
744 421
744 39
744 412
744 198
744 45
744 422
744 479
1380 13
1380 623
933 381
933 1413
745 906
1451 1452
1451 1453
308 598
308 1065
308 601
308 145
308 454
308 434
308 1273
308 1182
308 752
308 372
773 33
773 32
773 10
773 26
773 39
773 45
1461 153
1462 176
1462 176
304 974
304 357
304 189
304 1425
304 696
304 466
304 1047
304 309
304 145
304 446
304 1119
304 186
304 1455
304 681
304 428
304 428
304 676
304 975
304 752
304 184
304 1024
304 780
304 684
304 860
304 1065
304 1465
304 1466
304 375
1468 176
1468 176
1418 497
1469 570
1469 576
1006 240
1006 240
1006 1056
1006 314
1006 314
1006 1056
1006 215
1006 215
1006 1061
1006 21
1006 21
1006 1061
1006 565
1006 565
1006 1060
1006 1060
1006 566
1006 566
1006 571
1006 571
1006 574
1006 1063
1006 1063
1006 574
1006 241
1006 241
1006 476
1006 476
1006 1064
1006 1064
187 153
187 182
187 183
1472 153
1472 183
499 493
499 493
499 503
499 503
17 50
17 250
17 0
17 207
17 254
17 252
17 276
17 260
17 258
17 275
17 267
17 265
17 156
17 156
17 277
17 223
17 279
17 224
17 284
17 232
17 231
17 297
17 288
17 296
17 55
142 179
142 178
142 180
1048 486
1048 488
1048 236
19 258
19 207
19 0
19 252
19 254
19 250
19 260
19 267
19 265
19 156
19 276
19 232
19 223
19 277
19 279
19 224
19 284
19 231
19 50
19 288
19 55
19 296
19 297
16 224
16 0
16 207
16 207
16 254
16 254
16 13
16 250
16 252
16 252
16 250
16 260
16 260
16 258
16 192
16 154
16 267
16 267
16 434
16 153
16 265
16 265
16 23
16 150
16 277
16 156
16 276
16 276
16 277
16 223
16 223
16 279
16 279
16 232
16 284
16 284
16 232
16 162
16 231
16 231
16 288
16 50
16 620
16 288
16 55
16 296
16 297
16 61
16 297
1475 176
1475 176
1478 1400
982 880
982 891
1434 232
1434 615
1434 176
1434 176
1298 1
1298 194
1479 681
216 840
216 841
216 8
216 258
216 449
216 902
216 902
216 194
216 679
216 842
216 150
216 156
216 682
216 278
216 93
216 224
216 162
216 475
216 965
216 230
216 621
216 960
216 237
216 377
260 16
260 16
260 19
260 2
260 10
260 209
260 209
260 11
260 7
260 12
260 13
260 212
260 212
260 3
260 23
260 22
260 17
260 217
260 217
260 26
260 27
260 33
260 14
260 32
260 31
260 221
260 221
260 37
260 39
260 225
260 45
260 42
260 225
260 42
260 227
260 227
260 46
260 47
260 234
260 234
260 229
260 229
260 236
260 236
260 43
260 59
260 237
260 237
260 61
258 16
258 216
258 217
258 22
258 26
258 148
258 27
258 23
258 164
258 14
258 32
258 33
258 31
258 221
258 37
258 39
258 45
258 42
258 225
258 42
258 227
258 46
258 61
258 47
258 1481
258 236
258 234
258 230
258 43
258 237
258 229
258 59
258 19
258 209
258 628
258 2
258 17
258 10
258 11
258 7
258 13
258 12
258 3
258 212
258 214
258 210
258 1423
1443 176
1443 868
1443 1378
1443 1001
449 216
449 229
1272 254
217 297
217 207
217 207
217 254
217 8
217 254
217 252
217 252
217 909
217 250
217 250
217 194
217 260
217 260
217 258
217 679
217 1266
217 267
217 267
217 265
217 669
217 265
217 150
217 31
217 277
217 156
217 277
217 276
217 276
217 284
217 93
217 223
217 223
217 224
217 37
217 279
217 279
217 284
217 162
217 232
217 910
217 232
217 1483
217 206
217 288
217 231
217 231
217 288
217 297
347 1128
347 1047
249 5
249 261
249 266
249 667
249 272
249 291
712 709
496 176
496 176
496 881
496 881
496 1336
496 1336
496 1340
496 1340
313 21
313 743
313 4
313 34
313 746
313 746
313 748
1412 645
1412 212
1412 1265
1412 1265
1412 236
21 198
21 479
21 574
21 574
21 241
21 241
21 476
21 476
21 480
21 1064
21 1064
21 196
21 481
21 482
21 240
21 240
21 457
21 1056
21 314
21 314
21 410
21 1056
21 414
21 413
21 1063
21 1063
21 419
21 416
21 1006
21 1006
21 313
21 645
21 417
21 418
21 195
21 195
21 463
21 565
21 565
21 462
21 421
21 566
21 412
21 461
21 420
21 566
21 1061
21 1061
21 1060
21 1060
21 473
21 224
21 571
21 571
21 422
21 477
1489 752
1490 176
1490 176
1491 176
1491 176
585 1273
1492 906
665 189
665 363
665 1494
665 197
665 1181
1495 84
1495 763
1495 140
1495 760
1495 765
1496 1038
1289 1497
1289 1264
1289 1498
1289 617
1289 1499
1289 89
309 752
309 306
309 603
309 304
309 536
309 1047
309 536
309 1
309 966
309 692
309 429
1452 1500
1452 1451
1452 1501
1502 1503
1502 434
1504 176
1504 176
1505 466
1506 176
1506 176
968 1433
968 669
968 616
1507 151
1364 1038
1364 1508
1364 695
503 493
503 493
503 499
503 499
145 1047
145 195
145 600
145 1204
145 308
145 1128
145 13
145 266
145 304
145 858
145 148
145 1264
145 1091
145 123
145 1148
145 185
145 1012
145 492
145 1498
145 1273
145 615
145 617
145 184
145 121
145 1
145 1510
145 190
145 1436
145 690
145 634
145 305
145 234
145 1499
145 294
145 752
145 695
145 1511
145 623
145 889
145 623
145 837
902 901
902 216
902 216
902 682
902 195
902 1120
902 447
902 1512
902 1466
902 752
1513 752
1513 151
1253 608
1514 1249
1444 1001
1444 1378
1444 868
1516 185
755 767
1318 420
1318 416
1318 419
1318 417
1318 418
1318 421
1318 412
1318 422
1318 413
1318 410
1318 414
1291 601
1291 601
1291 1118
1291 151
1291 681
1291 1119
1291 645
1291 367
1291 153
1291 23
1291 363
1291 447
1291 1120
1291 1121
1291 1065
1291 1065
1291 1122
1291 752
858 411
858 1
858 1517
858 445
858 145
858 1518
858 466
858 606
858 1
858 234
858 1185
858 229
858 229
858 237
194 229
194 86
194 209
194 251
194 208
194 254
194 212
194 214
194 210
194 257
194 216
194 1298
194 217
194 269
194 192
194 195
194 195
194 234
194 270
194 221
194 225
194 227
194 286
194 289
194 230
194 236
194 294
194 237
194 196
194 196
194 198
194 198
194 61
760 1495
760 767
1151 283
1151 753
1151 1520
1151 203
1151 1521
876 303
360 376
360 121
360 356
360 354
360 358
1375 601
1375 1523
1375 609
1375 1518
1375 752
144 1128
144 1091
144 372
1526 297
1034 7
1034 23
1034 12
1034 13
1034 59
192 86
192 5
192 5
192 8
192 194
192 16
192 148
192 679
192 681
192 150
192 153
192 93
192 162
192 164
192 752
192 293
192 293
192 241
192 298
192 298
22 0
22 254
22 207
22 260
22 252
22 250
22 267
22 258
22 265
22 223
22 156
22 276
22 277
22 232
22 224
22 279
22 284
22 231
22 50
22 288
22 296
22 55
22 297
1527 752
446 600
446 445
446 601
446 1128
446 13
446 13
446 1091
446 304
446 434
446 151
446 1528
446 1457
446 1273
446 754
446 184
446 447
446 615
446 1385
446 903
446 234
446 1529
446 752
446 695
446 608
446 237
446 229
446 229
446 1453
446 623
362 354
362 358
362 356
362 376
1129 498
261 274
261 249
261 1342
261 264
261 275
261 293
261 754
20 68
20 15
20 25
20 76
20 334
1484 1
1484 184
1484 1047
1484 466
1484 752
356 370
356 361
356 364
356 360
356 362
356 365
356 366
356 372
356 355
356 374
356 373
356 375
1531 176
1531 176
1044 1533
1044 1076
1262 1
1536 283
1536 206
303 1425
303 876
303 1540
140 68
140 1495
140 15
140 76
140 688
140 1273
140 767
1266 217
1376 601
1376 183
66 148
66 978
66 73
66 73
66 487
66 164
66 224
66 1200
66 979
66 979
66 1202
66 994
1523 1375
339 338
1542 364
1091 601
1091 1368
1091 145
1091 446
1091 144
1091 1543
1091 1544
1091 1545
1091 1
1091 598
1091 860
1091 1546
1091 752
1091 692
1091 754
1091 837
502 497
502 1395
502 1396
1547 1335
1547 752
418 4
418 409
418 743
418 148
418 21
418 1318
418 34
418 1320
418 164
418 859
90 91
90 85
1548 176
1548 176
417 743
417 4
417 409
417 21
417 1318
417 148
417 34
417 859
417 164
417 1320
562 1
15 758
15 756
15 20
15 140
15 319
15 161
15 763
15 334
15 165
15 768
1549 987
1549 987
1550 176
1550 176
1551 176
1551 176
527 1553
527 535
1554 61
603 752
603 600
603 309
679 227
679 225
679 221
679 209
679 251
679 208
679 212
679 210
679 214
679 257
679 216
679 217
679 270
679 192
679 1148
679 269
679 447
679 447
679 234
679 289
679 286
679 230
679 237
679 294
679 236
679 229
1543 1264
1543 1091
1543 1498
1543 617
1543 1499
1264 909
1264 1289
1264 145
1264 687
1264 1543
1264 1069
1264 1076
1264 1556
1264 609
1264 1558
1264 1557
1264 1518
1264 695
1264 1524
1264 1559
1264 623
1264 837
148 1150
148 416
148 258
148 66
148 145
148 192
148 418
148 417
148 262
148 1560
148 73
148 419
148 420
148 156
148 989
148 224
148 979
148 994
790 497
874 912
186 1181
186 304
186 197
186 363
186 197
186 183
1403 367
1403 1119
1403 363
1119 1294
1119 1118
1119 1117
1119 1273
1119 1178
1119 1403
1119 304
1119 1291
1119 1290
1119 1148
1119 1292
1119 1561
1119 153
1119 1562
1119 1293
1119 1296
1119 1295
1119 1065
1119 1181
266 1342
266 249
266 145
266 264
266 275
266 609
266 609
266 274
266 293
266 1038
266 206
25 20
195 86
195 4
195 10
195 1183
195 131
195 8
195 194
195 7
195 13
195 12
195 13
195 194
195 744
195 902
195 21
195 21
195 145
195 32
195 605
195 681
195 26
195 24
195 1184
195 23
195 33
195 34
195 184
195 39
195 93
195 37
195 1
195 45
195 845
195 748
195 750
195 620
195 852
195 61
195 59
195 61
195 952
195 952
195 297
262 978
262 148
262 1202
262 1200
262 164
267 10
267 2
267 209
267 209
267 11
267 12
267 7
267 13
267 3
267 212
267 212
267 17
267 19
267 16
267 16
267 217
267 217
267 22
267 27
267 23
267 26
267 14
267 31
267 32
267 33
267 221
267 221
267 37
267 39
267 225
267 45
267 225
267 42
267 42
267 227
267 227
267 47
267 46
267 234
267 234
267 43
267 236
267 236
267 229
267 229
267 59
267 237
267 237
267 61
1564 1565
351 568
351 569
351 938
351 943
351 575
351 952
1047 183
1047 486
1047 645
1047 211
1047 601
1047 309
1047 304
1047 347
1047 145
1047 1484
1047 151
1047 434
1047 367
1047 153
1047 363
1047 153
1047 197
1047 185
1047 1191
1047 588
1047 606
1047 692
1047 1524
1047 203
1047 1515
1047 1
1047 752
1047 860
1047 752
1047 429
1569 153
1569 183
1570 183
1570 153
1571 1399
878 1573
364 358
364 354
364 1542
364 601
364 356
364 1575
364 121
364 376
364 752
877 879
877 501
877 867
1169 7
1169 12
1169 13
1169 23
1169 461
1169 28
1169 34
1169 59
1169 44
1190 1189
842 209
842 208
842 214
842 210
842 216
842 487
842 221
842 223
842 225
842 237
842 234
842 230
842 229
1576 1577
463 4
463 743
463 21
463 34
463 746
463 746
463 750
220 1038
1455 304
1455 1
1455 752
1280 189
1280 1043
1280 866
1280 609
1517 752
1517 1308
1517 858
365 354
365 358
365 356
365 376
528 780
528 183
1555 1578
776 10
776 45
776 33
776 32
776 26
776 1069
776 780
776 39
1430 1368
1430 1429
1430 183
645 486
645 788
645 13
645 661
645 21
645 1412
645 1291
645 363
645 1047
645 23
645 434
645 803
645 367
645 367
645 805
645 1363
645 369
645 1049
645 42
645 488
645 184
645 224
645 752
645 1065
645 860
645 692
645 236
645 692
681 1176
681 1011
681 1117
681 486
681 1117
681 151
681 13
681 601
681 13
681 1397
681 1178
681 1407
681 304
681 1479
681 195
681 1291
681 192
681 1493
681 1292
681 1582
681 1290
681 1058
681 23
681 185
681 1120
681 1120
681 1295
681 676
681 1294
681 1408
681 1584
681 1296
681 1510
681 1293
681 1512
681 752
681 1587
681 752
681 619
681 100
681 696
681 1181
454 88
454 308
1148 1119
1148 679
1148 145
1148 1562
1148 185
1148 221
1148 1590
1148 903
1148 619
1148 1512
1520 283
1520 206
1520 1151
1520 1155
434 1195
434 889
434 88
434 600
434 751
434 13
434 12
434 400
434 16
434 308
434 1502
434 446
434 645
434 1047
434 667
434 218
434 1037
434 670
434 23
434 1073
434 1180
434 589
434 1408
434 1273
434 615
434 1
434 1384
434 1518
434 42
434 598
434 1565
434 1466
434 839
434 621
434 784
434 403
434 621
434 752
434 608
434 1596
434 696
668 752
857 1001
857 1269
857 411
857 77
857 868
857 1580
857 1378
857 1436
1580 857
1292 153
1292 363
1292 151
1292 1118
1292 367
1292 681
1292 601
1292 1119
1292 1121
1292 153
1292 1120
1292 1122
1292 1065
1292 752
669 217
669 968
669 488
669 236
669 698
218 434
218 608
605 600
605 445
605 1557
605 670
605 195
605 682
605 1515
605 234
605 229
605 237
1599 176
1599 176
24 13
24 195
24 184
24 1384
24 284
24 284
24 230
24 237
317 1359
1493 681
1493 1120
1152 445
1152 176
1152 176
1152 753
1402 1128
1600 176
367 1296
367 661
367 1295
367 1178
367 354
367 1117
367 1294
367 1292
367 1403
367 661
367 1291
367 645
367 1047
367 645
367 197
367 1290
367 151
367 1049
367 752
367 1293
367 1181
1601 151
1601 692
1601 606
1036 1038
1037 434
667 831
667 358
667 249
667 434
667 176
667 28
667 176
667 662
667 39
667 184
667 1210
667 609
667 274
667 44
667 619
667 1602
667 1211
1035 7
1035 12
1035 59
1035 13
1035 23
73 978
73 66
73 66
73 148
73 229
73 487
73 1200
73 164
73 1202
73 1392
1099 445
1099 232
1099 234
1099 229
1099 229
1099 1185
1099 237
419 4
419 409
419 743
419 21
419 1318
419 148
419 34
419 164
419 859
419 957
419 1320
1170 7
1170 12
1170 13
1170 23
1170 28
1170 34
1170 461
1170 44
1170 59
670 621
670 189
670 1128
670 151
670 434
670 605
670 1592
670 1271
670 474
670 376
670 377
179 142
179 881
179 1336
179 1163
179 1603
179 506
179 1340
27 0
27 207
27 252
27 254
27 250
27 260
27 258
27 156
27 267
27 265
27 276
27 184
27 277
27 224
27 223
27 279
27 231
27 284
27 232
27 50
27 288
27 296
27 297
27 55
265 17
265 2
265 10
265 209
265 209
265 11
265 13
265 7
265 12
265 3
265 212
265 212
265 19
265 16
265 16
265 27
265 217
265 22
265 217
265 23
265 26
265 14
265 31
265 32
265 33
265 221
265 221
265 37
265 39
265 42
265 45
265 225
265 225
265 42
265 227
265 227
265 46
265 47
265 234
265 234
265 43
265 236
265 236
265 229
265 229
265 59
265 237
265 237
265 61
264 5
264 261
264 266
264 272
264 291
151 431
151 306
151 752
151 1047
151 1288
151 1176
151 1117
151 1176
151 1442
151 13
151 138
151 1178
151 446
151 1513
151 1507
151 1291
151 1293
151 1363
151 1290
151 367
151 681
151 1292
151 670
151 1601
151 369
151 363
151 1120
151 206
151 1296
151 1265
151 1561
151 1121
151 1295
151 1294
151 1592
151 236
151 752
151 1122
151 1181
151 1604
151 1181
151 608
565 1032
565 561
565 561
565 314
565 240
565 240
565 314
565 1322
565 1322
565 1056
565 912
565 1056
565 567
565 1006
565 1006
565 21
565 21
565 567
565 568
565 1060
565 352
565 1324
565 913
565 1060
565 1061
565 1061
565 569
565 566
565 566
565 1020
565 571
565 571
565 1326
565 1025
565 570
565 570
565 1326
565 572
565 1063
565 478
565 478
565 1063
565 1325
565 1325
565 575
565 574
565 574
565 241
565 241
565 476
565 476
565 576
565 480
565 480
565 576
565 1064
565 1064
1058 88
1058 36
1058 681
1058 1
1605 1410
1605 990
1605 305
26 207
26 0
26 522
26 526
26 12
26 254
26 7
26 250
26 13
26 252
26 774
26 773
26 744
26 260
26 258
26 267
26 195
26 196
26 847
26 776
26 23
26 265
26 32
26 778
26 531
26 848
26 156
26 276
26 777
26 277
26 584
26 907
26 583
26 590
26 223
26 297
26 279
26 540
26 543
26 224
26 851
26 45
26 284
26 845
26 748
26 542
26 545
26 232
26 231
26 50
26 597
26 546
26 288
26 539
26 549
26 595
26 785
26 786
26 550
26 43
26 853
26 852
26 750
26 296
26 198
26 59
26 55
1606 428
1606 752
1607 1
1012 1011
1012 12
1012 145
1012 1042
1012 184
1012 1042
1012 839
1012 1609
1012 839
1012 882
1012 837
150 209
150 399
150 257
150 1212
150 251
150 208
150 743
150 212
150 214
150 210
150 16
150 216
150 192
150 217
150 269
150 1184
150 270
150 289
150 221
150 225
150 227
150 1611
150 286
150 234
150 236
150 490
150 230
150 229
150 294
150 489
150 237
1281 96
1613 1614
1608 153
568 1322
568 351
568 565
568 567
568 350
568 352
568 566
568 571
568 570
568 1326
568 1325
568 574
568 576
803 1
803 645
1615 889
1616 680
666 470
504 518
504 517
504 515
504 506
23 224
23 224
23 284
23 1038
23 45
23 1332
23 42
23 42
23 1065
23 598
23 475
23 232
23 573
23 231
23 50
23 1173
23 288
23 752
23 230
23 236
23 754
23 853
23 296
23 975
23 552
23 55
23 198
23 198
23 424
23 297
23 196
23 39
23 39
23 681
23 645
23 10
23 207
23 0
23 207
23 802
23 1279
23 974
23 1117
23 1149
23 459
23 8
23 254
23 1279
23 88
23 1128
23 252
23 13
23 250
23 1178
23 661
23 1379
23 16
23 260
23 258
23 1291
23 1034
23 195
23 267
23 1169
23 434
23 1035
23 1170
23 265
23 26
23 32
23 153
23 33
23 1172
23 688
23 156
23 688
23 1172
23 276
23 277
23 1330
23 1331
23 472
23 223
23 473
23 473
23 159
23 1040
23 1040
23 541
23 488
23 520
23 190
23 1171
23 279
28 485
28 1149
28 667
28 1169
28 1170
28 688
28 1172
28 1045
28 1171
28 1173
1501 1452
433 70
647 497
647 337
647 176
847 45
847 39
847 10
847 26
847 32
847 33
1618 53
1618 75
718 709
1619 176
1619 176
1620 435
501 602
501 865
501 870
501 877
501 880
462 4
462 743
462 744
462 21
462 746
462 34
462 746
462 748
462 750
269 8
269 679
269 194
269 150
269 963
269 93
269 162
14 0
14 207
14 254
14 252
14 250
14 260
14 258
14 267
14 265
14 156
14 156
14 276
14 277
14 223
14 224
14 279
14 224
14 284
14 231
14 232
14 296
14 50
14 288
14 55
14 55
14 297
366 354
366 358
366 356
366 376
1621 609
1621 588
1621 609
1621 1
465 729
1290 447
1290 681
1290 1118
1290 601
1290 1119
1290 1121
1290 363
1290 367
1290 151
1290 153
1290 1120
1290 1
1290 1122
1290 1065
1290 752
428 304
428 211
428 304
428 1606
428 1038
428 752
428 310
630 628
820 628
818 628
821 628
817 628
823 628
363 151
363 1362
363 1176
363 354
363 1117
363 1403
363 661
363 1178
363 1407
363 186
363 665
363 1291
363 1047
363 645
363 1292
363 1581
363 1049
363 1290
363 1296
363 1294
363 1295
363 1592
363 1293
363 1436
363 1622
363 752
363 692
363 1181
1623 1
1623 31
1623 156
1623 37
153 676
153 1119
153 199
153 69
153 182
153 788
153 1117
153 1117
153 1461
153 88
153 1178
153 192
153 1472
153 187
153 1291
153 16
153 1582
153 1292
153 1047
153 1047
153 1570
153 1569
153 1292
153 1049
153 1608
153 1290
153 23
153 185
153 1120
153 1295
153 1625
153 604
153 1294
153 1538
153 1296
153 1592
153 183
153 884
153 1466
153 206
153 206
153 1626
153 1293
153 752
153 1627
153 752
153 429
153 1628
153 1206
153 372
153 608
153 696
153 305
153 1181
1120 902
1120 1181
1120 1178
1120 1117
1120 1292
1120 681
1120 1291
1120 681
1120 1493
1120 151
1120 1290
1120 153
1120 1295
1120 1294
1120 1296
1120 1293
824 628
675 290
567 1322
567 561
567 561
567 912
567 1322
567 566
567 565
567 565
567 566
567 1324
567 568
567 913
567 569
567 570
567 571
567 1020
567 571
567 570
567 1025
567 572
567 1326
567 1326
567 1325
567 1325
567 575
567 574
567 574
567 1032
567 576
567 576
402 88
402 214
402 1273
402 688
402 1390
402 993
402 404
402 548
402 294
315 29
103 1629
319 68
319 15
319 76
494 505
1180 434
1180 176
1180 176
1180 752
1629 103
1614 1613
1184 162
1184 195
1184 154
1184 150
1184 198
1184 196
1573 878
1573 397
1573 517
1573 515
1573 1528
1573 506
1573 283
32 774
32 526
32 250
32 0
32 207
32 522
32 252
32 253
32 254
32 7
32 13
32 12
32 744
32 260
32 773
32 258
32 195
32 265
32 776
32 267
32 26
32 847
32 23
32 33
32 531
32 778
32 271
32 848
32 156
32 584
32 777
32 276
32 590
32 583
32 277
32 223
32 543
32 279
32 540
32 851
32 224
32 1631
32 284
32 748
32 845
32 542
32 545
32 1632
32 1632
32 597
32 50
32 231
32 232
32 546
32 786
32 288
32 549
32 595
32 785
32 292
32 853
32 282
32 852
32 750
32 855
32 296
32 552
32 196
32 55
32 59
32 297
32 198
32 298
33 207
33 0
33 522
33 250
33 252
33 254
33 13
33 7
33 12
33 526
33 774
33 744
33 773
33 260
33 258
33 267
33 195
33 776
33 778
33 23
33 265
33 847
33 32
33 531
33 156
33 848
33 777
33 276
33 907
33 584
33 583
33 590
33 277
33 223
33 540
33 231
33 279
33 543
33 224
33 851
33 284
33 45
33 845
33 542
33 748
33 545
33 232
33 50
33 296
33 546
33 539
33 288
33 549
33 595
33 785
33 786
33 597
33 550
33 852
33 43
33 853
33 750
33 198
33 55
33 59
33 196
33 297
1633 176
1633 176
421 409
421 4
421 743
421 744
421 21
421 1318
421 34
421 748
421 898
421 859
421 750
421 1320
935 912
401 727
401 661
401 729
401 729
350 568
350 569
350 938
350 943
350 575
987 215
987 215
987 1549
987 1549
987 476
987 476
492 145
487 278
487 840
487 842
487 66
487 73
487 979
487 224
487 43
487 229
185 13
185 1176
185 182
185 153
185 1516
185 145
185 1148
185 1047
185 681
185 692
185 1049
77 857
77 1271
77 429
1410 514
1410 1605
1410 255
1634 1
273 403
682 254
682 216
682 688
682 902
682 605
682 1
682 230
682 232
682 229
369 354
369 645
369 151
369 1
1050 486
1050 135
1636 552
154 399
154 251
154 743
154 1212
154 257
154 1184
154 16
154 1611
154 490
154 489
1049 367
1049 645
1049 185
1049 363
1049 153
1049 197
1049 1181
272 249
272 274
272 264
272 275
272 293
1582 153
1582 681
1363 1622
1363 151
1363 645
1363 1362
936 381
270 8
270 194
270 679
270 150
270 93
270 162
1368 1088
1368 1529
1368 1430
1368 1091
1368 1416
1368 1448
1368 608
1368 608
1368 1447
123 456
123 609
123 145
123 197
123 1273
123 1286
123 121
676 681
676 304
676 1
676 153
676 692
1305 88
1073 434
856 411
856 284
856 424
1643 184
1643 609
1419 1336
1419 497
1419 1340
1419 1420
461 4
461 743
461 21
461 1170
461 1169
461 1265
461 1172
461 688
461 34
461 447
461 1171
461 1173
461 658
1562 1148
1562 1119
778 10
778 26
778 33
778 32
778 45
778 39
1644 620
337 648
337 497
337 647
337 1336
337 881
337 1340
337 649
531 10
531 26
531 32
531 33
531 39
531 45
1645 1646
607 608
1335 1547
271 45
271 10
271 32
271 39
271 695
1561 1385
1561 1119
1561 151
76 758
76 756
76 20
76 140
76 319
76 161
76 165
76 763
76 334
76 768
435 1620
435 88
1457 446
1269 868
1269 857
1269 1378
1269 752
1269 1001
466 1128
466 189
466 1484
466 304
466 858
466 1505
466 903
1494 1271
1494 665
879 870
879 865
879 877
879 880
805 486
805 486
805 645
805 488
805 236
1497 1289
1497 609
1648 1565
420 743
420 4
420 409
420 21
420 1318
420 148
420 34
420 164
420 859
420 957
420 1320
589 434
558 88
468 659
468 473
468 621
468 960
468 965
468 889
1104 445
1104 1426
1104 234
1104 232
1104 237
1104 229
31 207
31 0
31 254
31 13
31 212
31 13
31 252
31 250
31 260
31 258
31 217
31 267
31 265
31 1623
31 156
31 276
31 277
31 223
31 227
31 279
31 1386
31 37
31 37
31 224
31 284
31 42
31 285
31 232
31 231
31 50
31 288
31 236
31 297
31 296
31 55
913 917
913 1322
913 565
913 567
913 1653
913 566
913 571
913 570
913 1326
913 1325
913 576
913 574
1416 1368
1533 1044
1533 837
687 1498
687 1264
687 617
687 690
687 1499
687 837
1277 1276
156 11
156 69
156 69
156 2
156 207
156 209
156 628
156 10
156 7
156 12
156 13
156 3
156 212
156 1423
156 214
156 210
156 17
156 17
156 16
156 19
156 216
156 217
156 22
156 148
156 27
156 26
156 23
156 31
156 14
156 14
156 32
156 1623
156 33
156 37
156 42
156 42
156 47
156 59
800 639
880 982
880 501
880 879
848 26
848 10
848 32
848 33
688 1
688 7
688 1
688 12
688 13
688 13
688 140
688 23
688 23
688 682
688 402
688 28
688 461
688 59
688 44
1532 609
1121 1291
1121 1178
1121 1117
1121 1290
1121 1292
1121 151
822 628
825 628
819 628
828 628
370 354
370 358
370 356
1560 148
1625 153
197 1365
197 601
197 665
197 186
197 186
197 1047
197 367
197 1049
197 123
197 754
1273 145
1273 585
1273 308
1273 254
1273 189
1273 13
1273 1
1273 446
1273 1119
1273 140
1273 434
1273 402
1273 123
1273 184
989 978
989 148
1545 1091
176 1222
176 175
176 904
176 455
176 455
176 904
176 1220
176 1220
176 1428
176 1222
176 1223
176 1223
176 659
176 1334
176 1334
176 1428
176 1343
176 1343
176 648
176 496
176 1462
176 1431
176 1431
176 1462
176 1468
176 1468
176 1443
176 1475
176 1475
176 1434
176 1434
176 1490
176 496
176 1490
176 1491
176 1491
176 1506
176 1504
176 1504
176 1506
176 1548
176 1531
176 1531
176 1548
176 1550
176 1550
176 1551
176 1551
176 1152
176 1599
176 1599
176 1152
176 1600
176 667
176 667
176 1619
176 647
176 1619
176 1633
176 1180
176 1180
176 1633
176 229
275 5
275 5
275 17
275 261
275 266
275 272
275 291
1172 7
1172 12
1172 13
1172 44
1172 23
1172 23
1172 461
1172 28
1172 59
34 457
34 410
34 414
34 413
34 416
34 313
34 418
34 417
34 463
34 1169
34 195
34 419
34 462
34 1170
34 421
34 461
34 420
34 412
34 473
34 422
34 477
34 479
34 480
34 658
34 198
34 481
34 482
34 196
662 667
1395 498
1395 502
680 1616
588 1047
588 1621
588 1
777 10
777 26
777 33
777 32
777 536
1265 1055
1265 1412
1265 212
1265 13
1265 1412
1265 236
1265 461
1265 151
1553 527
1498 1289
1498 145
1498 1543
1498 687
1498 837
221 254
221 207
221 207
221 254
221 8
221 840
221 841
221 679
221 260
221 260
221 252
221 252
221 250
221 250
221 194
221 258
221 1148
221 842
221 267
221 267
221 265
221 150
221 265
221 162
276 212
276 212
276 2
276 7
276 209
276 209
276 10
276 11
276 12
276 13
276 23
276 3
276 17
276 19
276 26
276 16
276 16
276 217
276 217
276 22
276 27
276 14
276 32
276 33
276 31
276 37
276 42
276 42
276 47
276 59
1324 1322
1324 565
1324 567
721 709
1039 1038
606 1601
606 1047
606 858
606 1426
606 601
606 752
606 1467
412 4
412 409
412 744
412 743
412 21
412 1318
412 748
412 34
412 750
536 1
536 309
536 309
536 777
1069 1264
1069 776
1069 593
1069 1508
1182 308
75 2
75 1618
1294 153
1294 363
1294 151
1294 1118
1294 367
1294 681
1294 601
1294 1119
1294 1120
1528 446
1528 1573
1286 123
1286 1179
1286 189
604 153
352 565
352 568
1061 314
1061 240
1061 240
1061 314
1061 1056
1061 1056
1061 565
1061 1006
1061 1006
1061 21
1061 21
1061 565
1578 1555
746 463
746 457
746 457
746 463
746 313
746 313
746 462
746 462
1544 1091
1544 372
1503 1502
1295 681
1295 1119
1295 601
1295 1118
1295 151
1295 367
1295 1120
1295 363
1295 153
1076 13
1076 1362
1076 1264
1076 1044
1210 667
1408 1178
1408 681
1408 434
617 1289
617 145
617 1543
617 687
617 623
617 623
617 837
1330 7
1330 13
1330 12
1330 23
1330 59
907 26
907 33
849 10
849 13
1060 21
1060 21
1060 240
1060 240
1060 314
1060 314
1060 1056
1060 1056
1060 1006
1060 1006
1060 565
1060 565
584 10
584 33
584 32
584 26
1556 1264
990 255
990 1605
583 33
583 26
583 32
583 10
1191 1047
447 448
447 448
447 10
447 381
447 445
447 902
447 1118
447 1291
447 679
447 446
447 679
447 1290
447 461
447 234
447 234
447 229
569 1322
569 351
569 565
569 567
569 350
1540 303
184 24
184 645
184 182
184 491
184 446
184 304
184 145
184 195
184 1484
184 27
184 667
184 1012
184 1273
184 1643
184 839
184 608
636 612
1296 601
1296 1118
1296 681
1296 1119
1296 151
1296 367
1296 1120
1296 363
1296 153
1337 189
881 496
881 496
881 179
881 337
881 1336
881 1336
881 1340
881 1340
1156 381
1336 496
1336 496
1336 179
1336 1419
1336 337
1336 881
1336 881
615 579
615 254
615 1055
615 1270
615 145
615 1434
615 446
615 434
615 89
615 474
615 621
615 621
615 752
615 619
615 837
1383 13
277 2
277 209
277 10
277 209
277 11
277 7
277 212
277 12
277 13
277 212
277 3
277 17
277 19
277 16
277 16
277 217
277 217
277 22
277 27
277 26
277 23
277 14
277 31
277 32
277 33
277 37
277 42
277 42
277 47
277 59
278 209
278 208
278 214
278 210
278 216
278 487
278 752
1592 151
1592 670
1592 153
1592 363
609 600
609 1288
609 1128
609 909
609 1264
609 1375
609 266
609 266
609 1280
609 123
609 667
609 1621
609 1621
609 1532
609 1643
609 1497
609 1333
609 1283
609 608
590 10
590 26
590 32
590 33
89 1011
89 1414
89 1289
89 615
722 709
1163 179
566 1322
566 561
566 561
566 240
566 240
566 1322
566 314
566 314
566 912
566 1056
566 1056
566 1006
566 1006
566 565
566 21
566 21
566 565
566 568
566 567
566 567
566 913
36 1058
1020 1322
1020 565
1020 567
1510 681
1510 145
535 88
535 527
1331 7
1331 12
1331 13
1331 211
1331 23
1331 59
473 215
473 4
473 7
473 13
473 12
473 21
473 23
473 23
473 34
473 468
473 621
473 474
473 470
473 470
473 960
473 965
473 59
780 776
780 528
780 304
534 13
938 351
938 350
1400 1128
1400 1478
937 381
1384 13
1384 24
1384 434
638 612
1584 681
781 10
183 1472
183 182
183 199
183 306
183 187
183 909
183 1376
183 1047
183 186
183 1569
183 1570
183 528
183 1430
183 153
223 212
223 212
223 209
223 10
223 209
223 840
223 11
223 7
223 12
223 13
223 3
223 17
223 19
223 16
223 16
223 217
223 842
223 217
223 22
223 27
223 23
223 26
223 14
223 37
223 42
223 42
223 42
223 47
223 489
223 490
223 59
223 2
223 32
223 33
223 31
843 381
93 208
93 209
93 251
93 212
93 214
93 210
93 257
93 216
93 217
93 192
93 195
93 269
93 270
1558 1264
1040 13
1040 12
1040 23
1040 23
1040 7
1040 13
1040 59
1534 1038
1534 474
1427 215
157 206
867 865
867 870
867 877
657 381
616 968
488 486
488 486
488 485
488 909
488 669
488 212
488 661
488 1048
488 645
488 23
488 805
488 236
488 1046
1386 13
1386 31
850 10
850 13
1385 1561
1385 446
771 1415
771 10
1500 1452
520 23
520 845
520 852
520 522
520 7
520 1321
520 12
520 13
1413 933
1413 236
720 709
1306 88
190 88
190 1279
190 145
190 23
541 522
541 12
541 7
541 13
541 23
541 845
541 852
159 801
159 522
159 13
159 12
159 7
159 23
159 845
159 852
472 7
472 8
472 12
472 13
472 23
472 59
1171 28
1171 7
1171 12
1171 13
1171 23
1171 461
1171 44
1171 59
940 381
1387 13
279 2
279 7
279 209
279 10
279 209
279 11
279 19
279 12
279 13
279 3
279 212
279 212
279 17
279 16
279 16
279 217
279 217
279 22
279 27
279 26
279 23
279 14
279 31
279 32
279 33
279 37
279 42
279 42
279 47
279 59
29 0
29 315
37 279
37 0
37 207
37 258
37 254
37 13
37 13
37 252
37 250
37 260
37 212
37 265
37 267
37 195
37 217
37 1623
37 31
37 31
37 156
37 276
37 277
37 223
37 224
37 284
37 42
37 42
37 232
37 231
37 470
37 50
37 288
37 296
37 55
37 297
39 7
39 0
39 207
39 522
39 254
39 253
39 195
39 250
39 13
39 12
39 252
39 13
39 526
39 774
39 744
39 258
39 260
39 773
39 531
39 267
39 776
39 667
39 265
39 23
39 23
39 778
39 847
39 271
39 845
39 845
39 748
39 282
39 292
39 852
39 852
39 750
39 298
39 198
39 196
540 10
540 26
540 32
540 33
543 10
543 26
543 32
543 33
224 148
224 207
224 2
224 209
224 628
224 10
224 11
224 214
224 7
224 7
224 12
224 12
224 13
224 13
224 3
224 212
224 1423
224 216
224 210
224 19
224 17
224 16
224 217
224 21
224 22
224 66
224 59
224 27
224 645
224 23
224 23
224 26
224 14
224 14
224 32
224 33
224 487
224 31
224 37
224 42
224 42
224 47
224 1669
1515 1047
1515 605
941 381
274 5
274 261
274 400
274 266
274 667
274 272
274 291
851 26
851 10
851 33
851 32
866 1041
866 1280
1575 364
1518 1264
1518 1375
1518 858
1518 434
161 68
161 15
161 76
203 1047
203 1151
203 283
1538 153
939 381
38 967
1038 1098
1038 1496
1038 266
1038 1364
1038 1036
1038 220
1038 1000
1038 1534
1038 1039
1038 23
1038 428
1038 695
1388 13
1581 363
684 304
942 381
1024 304
1271 1303
1271 189
1271 88
1271 1043
1271 1494
1271 77
1271 670
1271 1
178 142
1646 1645
284 22
284 2
284 209
284 209
284 448
284 10
284 217
284 11
284 217
284 7
284 12
284 13
284 3
284 212
284 212
284 17
284 19
284 16
284 16
284 23
284 26
284 24
284 24
284 27
284 31
284 14
284 33
284 856
284 32
284 37
284 47
284 42
284 42
284 1669
284 59
1249 1514
715 709
943 351
943 350
1332 7
1332 13
1332 12
1332 13
1332 59
1332 23
1332 1230
1045 28
1 1176
1 445
1 1189
1 1236
1 189
1 1379
1 1128
1 1303
1 1405
1 1298
1 858
1 309
1 858
1 145
1 1262
1 1484
1 1091
1 562
1 195
1 434
1 1047
1 1455
1 1058
1 803
1 1607
1 1621
1 1290
1 1623
1 682
1 1634
1 369
1 676
1 688
1 688
1 1273
1 588
1 536
1 1271
1 1219
1 903
1 1567
1 575
1 752
1042 1012
1042 1012
571 240
571 240
571 561
571 561
571 21
571 314
571 314
571 1322
571 1322
571 21
571 1056
571 912
571 1056
571 1006
571 1006
571 565
571 565
571 568
571 567
571 567
571 913
1631 32
906 905
906 1492
906 745
45 13
45 12
45 207
45 0
45 522
45 7
45 254
45 253
45 773
45 252
45 250
45 526
45 774
45 744
45 776
45 260
45 258
45 267
45 195
45 265
45 26
45 23
45 847
45 33
45 531
45 778
45 271
45 845
45 748
45 282
45 292
45 852
45 750
45 198
45 196
45 298
701 709
225 207
225 207
225 840
225 8
225 254
225 254
225 841
225 252
225 252
225 258
225 250
225 250
225 260
225 260
225 194
225 267
225 679
225 267
225 842
225 265
225 265
225 150
225 162
1116 158
42 232
42 232
42 284
42 37
42 284
42 37
42 224
42 224
42 232
42 231
42 231
42 283
42 50
42 50
42 288
42 288
42 296
42 296
42 55
42 55
42 297
42 297
42 279
42 279
42 276
42 276
42 277
42 277
42 223
42 223
42 223
42 156
42 8
42 0
42 0
42 207
42 207
42 4
42 254
42 254
42 254
42 156
42 7
42 7
42 12
42 12
42 13
42 13
42 13
42 252
42 252
42 250
42 250
42 3
42 260
42 260
42 258
42 258
42 267
42 267
42 645
42 434
42 265
42 265
42 23
42 23
42 31
690 145
690 687
1200 66
1200 262
1200 73
829 628
827 628
1025 1322
1025 565
1025 567
1082 250
1672 839
1672 839
1436 145
1436 857
1436 363
1436 752
1622 363
1622 1363
1399 1128
1399 1571
1219 1
1219 868
1219 1218
1557 1264
1557 605
1065 189
1065 788
1065 1117
1065 1128
1065 304
1065 308
1065 1178
1065 1291
1065 1291
1065 1119
1065 1290
1065 645
1065 1292
1065 23
979 978
979 66
979 66
979 148
979 487
1524 1047
1524 1264
598 308
598 7
598 12
598 13
598 23
598 1091
598 434
1398 1128
355 358
355 354
355 356
727 1237
727 709
727 401
227 31
227 207
227 207
227 8
227 254
227 254
227 252
227 252
227 909
227 250
227 250
227 258
227 260
227 260
227 194
227 267
227 679
227 267
227 265
227 265
227 150
227 162
227 43
1611 150
1611 154
725 709
927 912
44 1173
44 1149
44 485
44 667
44 1169
44 1170
44 1171
44 1172
44 688
423 189
46 0
46 207
46 254
46 258
46 250
46 252
46 260
46 265
46 267
1593 752
205 200
205 283
1465 304
1546 1091
484 1411
1603 179
830 628
826 628
765 1495
1390 402
1390 512
162 209
162 399
162 251
162 208
162 743
162 1212
162 212
162 214
162 210
162 257
162 16
162 216
162 217
162 192
162 269
162 270
162 1184
162 221
162 225
162 227
162 490
162 286
162 289
162 234
162 230
162 236
162 294
162 489
162 229
162 237
593 1069
634 145
928 381
903 661
903 586
903 466
903 446
903 1148
903 1
1609 1012
845 10
845 26
845 195
845 32
845 33
845 541
845 520
845 39
845 159
845 39
845 45
845 552
164 416
164 258
164 66
164 192
164 418
164 417
164 262
164 73
164 419
164 420
1466 304
1466 153
1466 902
1466 434
1466 754
1466 1157
456 123
121 364
121 1098
121 360
121 13
121 145
121 123
121 752
158 1116
993 402
570 561
570 561
570 1322
570 1322
570 1469
570 912
570 565
570 565
570 913
570 567
570 568
570 567
910 217
910 212
404 400
404 402
404 405
475 230
475 8
475 8
475 7
475 12
475 210
475 13
475 214
475 216
475 23
475 59
1483 217
47 267
47 258
47 260
47 0
47 254
47 207
47 252
47 250
47 265
47 156
47 277
47 276
47 223
47 279
47 284
47 224
47 232
47 50
47 231
47 288
47 296
47 55
47 297
506 497
506 179
506 504
506 1573
1448 1368
1512 902
1512 681
1512 1148
1340 496
1340 496
1340 179
1340 1419
1340 337
1340 881
1340 881
884 153
748 457
748 39
748 10
748 26
748 414
748 413
748 195
748 313
748 462
748 32
748 33
748 421
748 412
748 45
748 422
748 479
206 153
206 217
206 153
206 1536
206 151
206 266
206 1520
206 157
206 283
206 752
763 68
763 1495
763 15
763 76
763 84
572 561
572 1322
572 565
572 567
1481 258
542 10
542 26
542 32
542 33
860 1091
860 304
860 411
860 645
860 1047
860 752
860 752
1680 61
51 967
545 10
545 26
545 33
545 32
1632 32
1632 32
783 10
1341 601
898 414
898 413
898 421
898 61
474 965
474 889
474 960
474 976
474 659
474 670
474 473
474 615
474 1534
474 621
285 31
1202 66
1202 262
1202 73
232 2
232 209
232 209
232 10
232 1100
232 1098
232 7
232 11
232 17
232 12
232 1102
232 13
232 212
232 212
232 3
232 19
232 16
232 16
232 1434
232 217
232 217
232 22
232 14
232 27
232 1099
232 26
232 23
232 682
232 33
232 32
232 1104
232 31
232 37
232 42
232 42
232 42
232 47
232 59
573 13
573 7
573 12
573 23
1565 1564
1565 1648
1565 434
231 10
231 2
231 209
231 209
231 11
231 7
231 12
231 13
231 3
231 212
231 212
231 16
231 17
231 16
231 19
231 217
231 217
231 22
231 27
231 23
231 26
231 14
231 31
231 32
231 33
231 37
231 42
231 42
231 47
231 490
231 489
231 59
1396 498
1396 502
1173 12
1173 7
1173 13
1173 23
1173 28
1173 59
1173 461
1173 44
729 1237
729 1237
729 709
729 465
729 401
729 401
470 960
470 659
470 385
470 666
470 473
470 473
470 37
470 621
470 965
470 608
470 889
513 621
513 960
513 965
944 381
1293 681
1293 1119
1293 601
1293 1118
1293 1120
1293 367
1293 153
1293 151
1293 363
286 8
286 909
286 194
286 679
286 150
286 162
859 410
859 411
859 414
859 413
859 416
859 418
859 419
859 417
859 420
859 421
859 424
1602 667
753 1151
753 1152
620 195
620 16
620 1421
620 1644
283 1520
283 201
283 1151
283 1407
283 1536
283 1573
283 203
283 42
283 205
283 206
283 202
52 967
50 2
50 11
50 10
50 7
50 12
50 13
50 3
50 22
50 17
50 19
50 16
50 27
50 26
50 23
50 33
50 32
50 14
50 31
50 37
50 42
50 42
50 47
50 59
963 269
1567 1
1508 1364
1508 1069
289 8
289 1303
289 194
289 679
289 150
289 162
784 434
512 1390
512 621
512 965
512 960
546 33
546 32
546 10
546 26
1685 237
1685 234
1685 229
288 16
288 16
288 2
288 3
288 209
288 209
288 10
288 11
288 7
288 212
288 12
288 212
288 13
288 19
288 17
288 217
288 217
288 22
288 27
288 26
288 23
288 32
288 14
288 31
288 33
288 42
288 37
288 42
288 47
288 59
514 1410
334 68
334 20
334 15
334 76
539 26
539 33
816 628
832 628
833 628
549 10
549 26
549 32
549 33
1626 153
234 145
234 207
234 207
234 1098
234 8
234 254
234 1100
234 840
234 254
234 841
234 1102
234 258
234 252
234 252
234 250
234 250
234 260
234 3
234 260
234 858
234 194
234 446
234 679
234 267
234 267
234 842
234 1099
234 605
234 265
234 265
234 150
234 1104
234 447
234 447
234 162
234 1685
1409 255
290 675
548 402
548 752
403 13
403 273
403 434
1333 609
180 142
1521 1151
1326 1322
1326 912
1326 1322
1326 565
1326 565
1326 568
1326 567
1326 567
1326 913
422 748
422 409
422 4
422 743
422 744
422 21
422 1318
422 34
422 750
1587 681
1308 1517
1420 497
1420 1419
1499 1289
1499 145
1499 1543
1499 687
1559 1264
621 659
621 210
621 214
621 216
621 434
621 434
621 670
621 615
621 468
621 615
621 473
621 474
621 470
621 513
621 512
621 230
621 622
621 889
595 10
595 26
595 33
595 32
785 10
785 26
785 33
785 32
1051 445
165 68
165 69
165 15
165 76
292 32
292 10
292 39
292 45
373 354
373 358
373 356
1627 153
786 10
786 26
786 32
786 33
291 274
291 249
291 264
291 275
1230 1332
490 154
490 150
490 223
490 162
490 231
735 709
597 10
597 26
597 32
597 33
478 565
478 565
53 2
53 1618
1325 1322
1325 1322
1325 567
1325 912
1325 567
1325 565
1325 565
1325 568
1325 913
752 1440
752 1178
752 1128
752 810
752 1303
752 751
752 751
752 1117
752 788
752 1362
752 1117
752 1372
752 601
752 13
752 13
752 860
752 304
752 1375
752 308
752 1291
752 309
752 1489
752 1513
752 145
752 902
752 1484
752 192
752 446
752 1527
752 364
752 1547
752 1091
752 1047
752 603
752 1047
752 1455
752 645
752 1517
752 434
752 681
752 681
752 151
752 1292
752 668
752 151
752 367
752 860
752 363
752 23
752 1606
752 428
752 1290
752 153
752 153
752 606
752 1180
752 1269
752 278
752 615
752 206
752 1
752 1436
752 1593
752 121
752 754
752 548
752 692
752 692
752 1687
752 696
515 1573
515 504
477 34
477 4
477 743
477 21
575 1322
575 351
575 565
575 567
575 350
575 1
374 354
374 381
374 358
374 356
505 494
230 162
230 475
230 960
230 621
230 965
230 8
230 216
230 840
230 840
230 840
230 841
230 258
230 679
230 194
230 842
230 24
230 150
230 23
230 682
1529 446
1529 837
1529 1368
1628 153
202 283
945 381
1669 224
1669 284
768 68
768 15
768 76
282 10
282 32
282 39
282 45
550 26
550 33
994 978
994 66
994 148
1122 151
1122 1292
1122 1291
1122 1117
1122 1178
1122 1290
547 601
405 404
430 357
1283 189
1283 1043
1283 609
236 207
236 207
236 486
236 8
236 260
236 254
236 254
236 260
236 252
236 250
236 252
236 250
236 909
236 1048
236 212
236 258
236 1412
236 194
236 679
236 267
236 267
236 265
236 645
236 669
236 265
236 151
236 150
236 23
236 1265
236 805
236 31
236 488
236 162
236 1413
839 1672
839 1672
839 184
839 1012
839 1012
839 1355
839 1098
839 1355
839 434
1185 1102
1185 1100
1185 858
1185 1099
1346 1102
692 381
692 1128
692 1091
692 309
692 1047
692 645
692 645
692 185
692 1601
692 363
692 676
692 752
692 752
1604 151
947 381
1378 257
1378 1443
1378 1269
1378 1444
1378 857
1046 488
1154 445
691 608
691 608
1438 96
754 1466
754 601
754 751
754 446
754 197
754 261
754 1091
754 23
754 752
767 760
767 68
767 758
767 755
767 140
372 579
372 354
372 308
372 358
372 1544
372 144
372 356
372 153
948 381
853 10
853 10
853 32
853 26
853 445
853 23
853 33
43 207
43 0
43 260
43 251
43 252
43 254
43 250
43 257
43 258
43 265
43 267
43 26
43 487
43 33
43 227
310 189
310 428
1211 667
852 10
852 905
852 26
852 195
852 32
852 33
852 520
852 39
852 541
852 159
852 39
852 45
1467 606
1689 429
1596 434
1063 314
1063 240
1063 240
1063 314
1063 1056
1063 1056
1063 1006
1063 1006
1063 21
1063 21
1063 565
1063 565
855 32
855 10
517 1573
517 504
882 1012
518 504
695 271
695 446
695 145
695 1364
695 1264
695 1038
1359 493
1359 317
960 659
960 216
960 214
960 210
960 468
960 473
960 474
960 513
960 470
960 512
960 230
960 622
960 889
946 912
1391 13
1392 73
376 362
376 13
376 361
376 360
376 364
376 366
376 365
376 670
479 4
479 743
479 744
479 21
479 34
479 748
750 457
750 10
750 414
750 195
750 413
750 26
750 463
750 462
750 32
750 33
750 421
750 39
750 412
750 45
750 422
950 381
639 800
639 799
84 1495
84 763
957 410
957 416
957 419
957 420
965 659
965 214
965 210
965 216
965 468
965 473
965 474
965 470
965 513
965 512
965 230
965 622
965 889
294 8
294 909
294 194
294 145
294 679
294 150
294 402
294 162
619 681
619 667
619 1148
619 615
619 889
1590 1148
1282 1043
1282 189
293 5
293 5
293 5
293 192
293 192
293 261
293 266
293 272
574 561
574 561
574 240
574 240
574 314
574 314
574 1322
574 1322
574 21
574 912
574 1056
574 1056
574 21
574 1006
574 1006
574 565
574 565
574 913
574 567
574 568
574 567
375 358
375 354
375 304
375 356
87 237
241 240
241 240
241 314
241 314
241 1056
241 1056
241 1006
241 1006
241 21
241 21
241 565
241 192
241 565
698 486
698 909
698 669
1206 153
397 1573
831 628
831 667
476 4
476 4
476 240
476 240
476 314
476 314
476 1056
476 1056
476 215
476 215
476 1006
476 1006
476 21
476 21
476 565
476 565
476 987
476 987
1032 1322
1032 567
1032 565
480 4
480 21
480 565
480 565
480 34
975 23
975 304
975 7
975 12
296 2
296 10
296 11
296 7
296 12
296 13
296 3
296 19
296 17
296 16
296 22
296 27
296 23
296 26
296 33
296 32
296 14
296 31
296 37
296 42
296 42
296 47
296 59
489 154
489 150
489 223
489 162
489 231
429 77
429 309
429 153
429 1047
429 1689
1064 314
1064 314
1064 240
1064 240
1064 1056
1064 1056
1064 1006
1064 1006
1064 21
1064 21
1064 565
1064 565
57 967
1687 752
608 1041
608 600
608 628
608 1043
608 254
608 1150
608 1404
608 151
608 446
608 1253
608 434
608 218
608 153
608 1368
608 1368
608 607
608 184
608 609
608 470
608 691
608 691
608 55
229 150
229 1098
229 265
229 207
229 207
229 265
229 250
229 1100
229 8
229 254
229 254
229 840
229 841
229 1102
229 1102
229 252
229 252
229 250
229 260
229 260
229 3
229 858
229 449
229 258
229 858
229 194
229 446
229 446
229 679
229 842
229 267
229 267
229 605
229 1099
229 73
229 1099
229 487
229 1104
229 682
229 176
229 447
229 1685
229 162
658 461
658 34
552 10
552 522
552 7
552 12
552 13
552 23
552 32
552 1636
552 845
59 223
59 0
59 207
59 802
59 473
59 1034
59 1149
59 459
59 8
59 254
59 250
59 1279
59 252
59 260
59 258
59 195
59 267
59 1169
59 1035
59 1170
59 265
59 32
59 26
59 33
59 156
59 688
59 1172
59 276
59 1330
59 277
59 1331
59 284
59 472
59 1040
59 1171
59 279
59 224
59 1332
59 475
59 232
59 231
59 1173
59 50
59 288
59 296
59 55
59 198
59 297
59 196
1225 709
1155 1520
55 2
55 207
55 10
55 11
55 7
55 12
55 13
55 26
55 19
55 3
55 17
55 16
55 22
55 27
55 23
55 14
55 14
55 33
55 32
55 31
55 37
55 42
55 42
55 47
55 59
55 608
1320 410
1320 419
1320 413
1320 414
1320 417
1320 416
1320 418
1320 421
1320 420
622 621
622 960
622 965
1157 381
1157 381
1157 381
1157 1466
1577 1576
1511 145
237 207
237 207
237 1098
237 8
237 254
237 1100
237 254
237 840
237 250
237 841
237 1102
237 252
237 252
237 258
237 216
237 250
237 260
237 260
237 858
237 194
237 842
237 679
237 446
237 267
237 267
237 150
237 24
237 605
237 1099
237 265
237 265
237 1104
237 162
237 1685
237 87
815 628
951 381
198 297
198 61
198 10
198 86
198 4
198 411
198 1183
198 8
198 7
198 13
198 12
198 13
198 32
198 744
198 21
198 194
198 194
198 1184
198 26
198 23
198 23
198 34
198 33
198 39
198 45
198 61
198 59
1447 1368
377 13
377 1439
377 216
377 670
91 85
91 90
100 681
61 0
61 207
61 495
61 612
61 254
61 88
61 252
61 250
61 258
61 16
61 260
61 194
61 1554
61 267
61 195
61 195
61 265
61 1680
61 898
61 198
61 198
61 196
61 196
424 409
424 856
424 23
424 859
952 709
952 195
952 195
952 351
576 1322
576 561
576 561
576 1322
576 912
576 1469
576 565
576 565
576 568
576 567
576 913
576 567
481 4
481 743
481 21
481 34
649 497
649 337
1453 1451
1453 446
889 145
889 434
889 1615
889 468
889 474
889 470
889 621
889 960
889 965
889 619
891 982
835 628
623 1380
623 909
623 1146
623 446
623 145
623 145
623 1264
623 617
623 617
837 13
837 145
837 1091
837 1264
837 687
837 1533
837 1012
837 1498
837 617
837 615
837 1529
1195 434
297 2
297 13
297 209
297 209
297 10
297 11
297 7
297 12
297 1526
297 3
297 212
297 212
297 16
297 17
297 19
297 217
297 16
297 217
297 195
297 22
297 27
297 26
297 23
297 33
297 14
297 32
297 31
297 37
297 42
297 42
297 47
297 59
297 196
297 198
1001 257
1001 1443
1001 1444
1001 857
1001 1269
966 309
1653 913
196 4
196 86
196 10
196 1183
196 8
196 7
196 12
196 13
196 744
196 194
196 21
196 194
196 26
196 23
196 1184
196 33
196 32
196 34
196 39
196 45
196 61
196 59
196 61
196 297
305 869
305 659
305 1128
305 1128
305 255
305 145
305 153
305 1605
1000 1038
696 304
696 579
696 153
696 434
696 681
696 752
482 4
482 21
482 34
298 5
298 5
298 10
298 192
298 192
298 32
298 39
298 45
1181 1176
1181 367
1181 1362
1181 1176
1181 1118
1181 665
1181 601
1181 1407
1181 681
1181 1119
1181 186
1181 363
1181 151
1181 151
1181 153
1181 1049
1181 1120
